1527
1655
1702
1959
2205
2249
2863
3852
4298
5123
5349
5904
5954
6282
6900
7598
8946
11086
11464
11855
12890
13736
15001
16122
17680
18249
18898
19125
20004
20189
20685
25862
31831
31966
32675
32873
33372
35574
38369
38424
39521
40748
41256
42390
43979
44378
45158
45222
45794
46436
46620
47538
48031
48584
48771
49696
50264
50902
51824
53207
53381
54269
54802
55750
56188
56993
58775
61098
65241
70201
70490
71122
71370
73694
76609
77303
78380
78670
81612
82570
83977
87309
92941
99829
100394
101356
102913
104965
106244
107988
108729
109845
113495
117902
118862
119919
121421
122804
123335
124239
125105
126641
127380
128510
129365
130633
132131
133809
136996
141175
142219
143694
144111
144867
145681
146894
152583
159094
159481
160564
162078
162201
162619
163280
164318
164790
165599
166161
167087
169992
173339
174646
176416
178087
180532
182289
184583
184876
185488
185543
185838
186476
189209
192599
202408
213607
216141
219314
221147
223811
224541
225665
226273
227582
229362
230327
233845
237793
238036
238927
239168
239766
241379
243503
243556
243614
244426
245940
247966
248887
249803
251171
251426
252382
253241
254502
257783
258759
260170
263903
264227
264906
266445
268475
269386
270427
271119
272200
272263
273007
274168
274403
274991
275296
275964
276199
277074
279159
281514
282535
284094
286142
286413
287023
290987
291231
291828
296264
298470
301287
301564
302238
302565
303259
303554
304200
305555
307672
307969
308605
311689
315484
316217
317347
317394
319961
322918
324027
325577
326674
328214
330887
334223
335472
337433
337481
339706
342953
343694
344870
348846
349088
349679
352214
352981
354420
354707
355329
357072
359045
361341
364539
365124
365799
366575
367758
368271
369157
369310
369806
371561
374120
374343
374895
375032
375480
377357
379789
381980
384501
385095
386068
386297
386875
387075
387859
388428
389364
389710
390106
390391
391302
391549
392351
392726
392768
393012
393205
393261
393795
393931
395546
395809
396117
397366
397491
398748
398798
398860
399027
399113
399204
399305
399415
399665
399910
400035
400165
400452
400589
400882
400973
401074
401184
401300
401473
401562
401656
401761
401875
402133
402386
402515
402649
402788
403092
403397
403693
403837
404154
404307
404817
404958
405571
405722
406208
406302
406407
406521
406706
406829
406955
407021
407092
407168
407253
407347
407570
407651
407729
408003
408134
408202
408275
408353
408440
408640
408841
409033
409116
409311
409403
409730
409810
410179
410269
410675
410724
415585
415802
415866
416464
416616
418423
418718
421774
423175
428164
455592
455650
455720
455915
456015
456120
456235
456359
456637
457205
457344
457488
458038
458103
458265
458349
458438
458532
458641
458756
460039
460315
460738
461027
461126
461353
461449
461553
461665
461786
462380
462486
462782
462943
463026
463114
463207
463315
463429
464575
464851
465277
465565
465663
465758
465861
465972
466092
466796
466901
467126
467198
467381
467475
467574
467678
467797
467931
468393
468703
469144
469431
470067
471022
471312
471769
471907
473538
474342
474451
474698
474804
476364
476480
476730
477903
477990
478195
478300
478410
478525
478644
478770
478904
479367
479484
479875
480084
480191
480303
480420
480542
480811
480952
481401
483121
483412
484650
485069
485276
485382
485493
485609
485729
485856
486141
486277
486570
487026
487625
487923
488041
488573
489455
489656
489759
489867
489980
490097
490221
492054
492509
493086
493644
495243
496110
496225
496745
496866
497567
498243
499058
499852
500513
500791
501600
502866
503501
503767
504653
504848
504948
505053
505163
505277
505398
506912
507027
507286
508094
508285
508383
508486
508594
508706
508825
509178
509267
509492
509607
509727
509852
509992
510146
511683
512349
512479
512768
512913
513072
514173
514392
514504
514621
514743
514880
515031
515684
516012
517172
517863
518208
519107
519249
519405
519565
520666
520790
521211
521939
522069
522809
523548
525237
525371
526814
527686
527749
527904
527984
528069
528159
528264
528381
528640
529052
529319
529844
529936
530343
530445
530766
530919
530998
531082
531171
531275
532146
532237
532640
532741
532958
533105
533181
533262
533348
533449
534034
534122
534513
534611
534822
534985
535069
535158
535252
535361
536008
536104
536418
536524
536924
537085
537168
537256
537349
537457
537580
537997
538263
538528
538791
538889
539114
539209
539520
539625
539955
540118
540202
540291
540385
540494
541291
541387
541701
541807
542034
542195
542278
542366
542459
542567
543357
543452
543763
543868
544198
544419
544490
544743
544825
544912
545004
545111
545230
545354
545626
546044
546138
546446
546550
546849
547022
547111
547205
547304
547418
548233
548334
548663
548774
549011
549156
549319
549506
549602
549703
549816
550200
550387
550483
550584
550690
550811
550940
551370
551481
551582
551688
551875
551971
552072
552178
552299
552428
552715
553626
554436
554547
554734
554830
554931
555037
555158
555287
555572
555683
555791
556141
556259
556625
556788
556975
557071
557172
557285
557669
557856
557952
558053
558159
558280
558409
558837
558948
559135
559231
559332
559438
559559
559834
559945
560202
560389
560485
560586
560692
560813
560942
561231
561673
562303
562414
562534
562721
562817
562918
563024
563145
563274
563696
563807
563915
564264
564382
564633
564696
564766
564933
565019
565110
565206
565317
565568
565669
565760
565856
566019
566103
566192
566286
566395
566510
566759
567015
567110
567206
567520
567626
568257
568326
568497
568585
568678
568776
568889
569007
569268
569371
569732
569897
569982
570072
570167
570277
570392
570635
571020
571266
571348
571435
571534
571757
571916
571998
572085
572177
572284
572396
572637
572734
573025
573176
573254
573337
573425
573528
573641
573889
574140
574233
574323
574421
574649
574725
574806
574892
574993
575102
575340
575572
575660
575950
576048
576357
576514
576595
576681
576772
576878
576997
577260
577356
577573
577813
577893
577978
578068
578173
578290
578680
578772
579243
579396
579475
579559
579648
579752
579867
580120
580214
580427
580511
580600
580704
580819
581076
581319
581400
581486
581577
581683
581802
582065
582324
582417
582829
582894
583228
583307
583391
583480
583584
583697
584068
584448
584850
584944
585161
585252
585857
585941
586030
586342
586417
586497
586582
586682
587096
587490
587564
587643
587727
587826
587930
588397
588863
589098
589330
589683
589772
589979
590065
590644
590740
590947
591012
591181
591268
591360
591457
591569
591687
591958
592219
592306
592398
592495
592607
592725
592994
593093
593321
593585
593673
593766
593864
593977
594235
594338
594438
594727
594790
594871
595088
595199
595315
595436
595572
595724
596068
596194
596624
596829
596934
597044
597166
597435
597640
597745
597855
597970
598100
598246
598877
598997
599486
599568
599789
599902
600020
600143
600281
600436
600778
600906
601342
601551
601658
601770
601979
602086
602198
602315
602447
602596
602914
603400
603522
603876
603968
604187
604299
604416
604538
604675
605163
605523
605736
605845
605959
606078
606212
606587
606734
606911
607002
607098
607199
607315
607736
607842
608212
608403
608501
608604
608712
608835
609305
609418
609809
609881
610058
610149
610245
610346
610462
610883
610989
611226
611409
611503
611602
611706
611825
612117
612226
612469
612646
612737
612833
612934
613050
613327
613433
613745
613910
613995
614085
614180
614290
614537
614637
614862
615073
615248
615338
615433
615533
615648
615920
616025
616260
616421
616630
616737
616849
616966
617098
617244
617576
617698
618116
618313
618414
618520
618638
618899
619096
619197
619303
619414
619540
619680
619986
620102
620359
620442
620643
620746
620854
620967
621095
621399
621517
621778
622111
622298
622394
622495
622601
622722
622991
623102
623349
623532
623626
623725
623829
623948
624629
624738
624981
625148
625234
625325
625421
625532
625940
626038
626361
626469
626700
627047
627118
627291
627380
627474
627573
627687
627813
628232
628506
628784
629214
629435
629801
629902
630244
630923
631034
631382
631541
631623
631710
631802
631909
632022
632396
633422
633669
633766
633989
634083
634718
634822
635120
635281
635476
635576
635681
635791
635916
636048
636339
636454
636851
637040
637137
637239
637346
637468
637597
637879
638613
639001
639095
639194
639305
639552
639841
639935
640034
640138
640257
640383
641226
641506
641615
642049
642117
642199
642410
642518
642631
642749
642882
643026
643339
643462
643883
644088
644193
644303
644418
644548
644689
644984
645447
645646
645748
645855
645974
646237
646436
646538
646645
646757
646884
647022
647315
647432
647776
647953
648044
648140
648241
648357
648489
648775
649064
649239
649329
649424
649524
649639
649907
650009
650557
650669
651030
651207
651298
651394
651495
651611
652042
652145
652258
652582
652645
652714
652887
652976
653070
653169
653283
653704
653805
654141
654252
654489
654733
654894
654977
655065
655158
655266
655508
655603
656019
656124
656464
656637
656726
656820
656919
657033
657734
657835
658170
659018
659492
659603
659843
660089
660282
660381
660485
660594
660718
661028
661139
661498
661619
661876
662144
662317
662406
662500
662599
662713
662980
663081
663413
663524
663761
664116
664192
664355
664439
664528
664622
664731
664975
665071
665398
665504
665985
666569
666862
666942
667027
667117
667222
667452
667544
667846
667948
668351
668516
668601
668691
668786
668896
669156
669253
669687
669794
670026
670191
670276
670366
670463
670890
671491
671562
671729
671815
671906
672002
672113
672373
672471
673012
673120
673351
673526
673616
673711
673811
673926
674200
674302
674859
674971
675210
675305
675547
675620
675785
675870
675960
676055
676165
676279
676676
676773
677089
677196
677425
677596
677684
677777
677875
677988
678254
678357
678457
678671
678834
678918
679007
679101
679210
679590
679686
679792
680029
680188
680270
680357
680449
680556
681054
681151
681245
681347
681451
682379
682454
682625
682713
682806
682904
683017
683134
683540
683643
683743
683957
684067
684380
684559
684651
684748
684850
684967
685088
685510
685811
686603
687518
687625
687729
688068
688182
688481
688748
690157
690203
690259
690466
690618
690941
691089
691245
691414
691461
691506
691638
692228
692558
692671
692794
696721
696776
696918
697129
697232
697336
697439
697602
697868
697958
698076
698456
698539
699485
700022
700107
700196
700506
700608
702109
702186
702454
702531
702799
702876
703144
703221
703574
703646
703977
704047
704833
704986
705063
706828
707639
707973
708052
708624
710479
710746
710801
710859
711038
711392
711448
711520
711687
711760
711930
712012
712209
712286
712370
712573
712755
712830
713006
713083
713265
713338
713508
713583
713759
713837
714022
714094
714261
714330
714488
714560
714727
714802
714978
715051
715221
715298
715480
715569
715787
715874
716086
716164
716349
716403
716534
716750
718400
720127
720381
722904
722971
723201
723259
724697
724832
724992
725152
725856
725933
726401
726461
726663
726727
726936
727002
727219
727278
727344
727426
727611
727694
727884
727952
728040
729405
729477
729556
729749
729942
730135
730413
730585
730757
730929
731101
731273
731445
731695
731765
731931
732097
732339
732411
732489
732763
733013
733081
733241
733401
733561
733795
733868
734122
734189
734346
734503
734660
734817
734974
735204
735268
735416
735564
735782
735849
736079
736149
736315
736481
736723
736787
736859
737109
737327
737395
737555
737715
737875
738035
738195
738437
738509
738681
738931
739015
739313
739390
739577
739764
740034
740116
740406
740479
740654
740962
742222
747190
760675
760786
760874
761089
762143
763202
763271
764100
764225
764325
764419
764531
764591
764688
765182
765728
768318
770942
773565
776188
776599
779222
781845
784468
787217
789966
792758
792801
795692
796016
796058
796292
796454
796500
796550
796604
798753
799291
799377
799419
799479
799678
799742
799811
799885
799963
800048
800141
800242
800349
801494
801570
801743
801835
801936
802257
802311
802492
802550
802613
802681
802753
802832
802919
803014
803115
804134
804204
804365
804451
804546
804849
804901
805076
805132
805193
805259
805329
805406
805491
805584
805683
806659
806727
806884
806968
807061
807405
807446
807505
807701
807764
807832
807905
808181
808256
808508
808561
808739
808796
808858
808925
809337
809406
809968
810303
810358
810542
810601
810665
810734
811092
811163
811570
811916
811966
812135
812189
812248
812312
812797
812863
813087
813143
813330
813390
813455
813525
814091
814163
814451
814513
814718
814784
814855
814931
815344
815422
815683
815740
815930
815991
816057
816128
817006
817079
817325
817373
817432
817628
817691
817759
817832
817909
817996
819564
819639
819942
820001
820197
820260
820328
820401
820478
820565
821697
821853
821911
822104
822166
822233
822305
822381
822467
822768
822922
822969
823031
823171
823321
823578
823662
823751
823852
824200
824363
824447
824536
824630
824732
824845
824972
825103
825393
825492
825834
825995
826078
826166
826260
826362
826475
826602
827195
827475
828693
830619
830904
830997
831208
831307
831414
831532
831664
831963
832252
832557
833032
833120
833208
833371
833455
833544
833638
833740
833853
833980
834420
834635
834731
835482
835811
835852
835910
835991
836253
836338
836428
836523
836629
836912
837181
837262
837524
837609
837699
837794
837900
838316
838602
838702
838992
839047
839122
839366
839445
839529
839618
839711
839813
840042
840117
840361
840440
840524
840613
840706
840920
841161
841255
841640
841692
841867
841923
841984
842050
842120
842196
842553
842705
842767
842854
843134
843225
843321
843422
843534
843968
844057
844343
844436
844534
844637
844751
845045
845440
845480
845619
845663
845712
845766
845824
845892
845968
846173
846214
846330
846391
846457
846528
846690
846763
847108
847451
847577
847643
847714
847792
848238
848326
848527
848579
848754
848810
848871
848939
849182
849260
849442
849768
849921
850041
850104
850172
850245
850644
850722
850797
851232
851387
851467
851552
851644
852274
852376
852605
852724
852786
852853
852925
853320
853397
853471
853901
854024
854088
854157
854231
854437
854516
854592
855126
855242
855303
855369
855442
855787
856220
856517
856575
856638
856706
856778
856860
857682
858135
858921
859257
859714
860032
860484
860554
860715
860801
860896
861745
862000
862171
862515
862797
863567
863620
863941
863999
864062
864130
864396
864466
864951
865067
865128
865194
865270
865437
865602
865673
865973
866046
866560
866626
866697
866745
866911
866964
867022
867085
867152
867229
867587
867652
867879
868186
868794
868842
869005
869057
869114
869176
869317
869381
869754
869912
870020
870077
870139
870206
870277
870365
870463
870532
870922
871180
871317
871388
871464
871547
872017
872110
872430
872552
872616
872685
872759
872837
872925
873017
873250
873329
873405
873946
874085
874157
874234
874321
874525
874631
874868
875001
875070
875144
875223
875646
875730
875928
876039
876097
876160
876230
876685
876737
876793
876980
877040
877105
877256
877326
877401
877481
877567
877657
879723
880301
880512
880828
880903
881558
882007
882172
882982
883064
883666
884397
884823
884905
886145
886231
886414
886807
887107
887922
888237
888334
889413
889856
890022
890528
890944
891441
891567
891633
891704
891780
891861
891947
892039
892137
893467
893563
893911
893969
894136
894222
894313
894409
894510
894617
894730
895319
895420
895652
895768
896591
896655
896816
896899
896987
897085
897192
897309
898286
898441
898521
898606
898701
898805
898919
899851
900012
900095
900183
900281
900388
900505
901550
901657
901713
901774
901842
902240
902357
902418
902484
902557
902816
902899
903080
903270
903456
903635
904077
904224
904300
904381
904469
904965
905106
905179
905257
905342
905827
905930
905984
906043
906109
906347
906423
906590
906903
906946
906997
907169
907224
907284
907349
907418
907497
907584
907677
908514
908560
908619
908960
909023
909091
909164
909241
909328
909426
909995
910215
910432
910780
911462
911795
912143
913090
913168
913255
913834
913909
914171
914340
914886
915144
915579
915751
915836
916119
916302
916344
916397
916576
916633
916695
916762
916833
916914
917003
917097
917196
917555
917624
917944
918000
918187
918247
918312
918382
918456
918540
918632
918729
918839
919355
919760
920011
920283
920977
921049
921422
921467
921546
921661
922025
922144
922268
922397
922530
922673
922824
923210
923344
923475
923614
923899
924191
924284
924382
924485
924592
924707
924858
925200
925308
925413
925705
925798
925896
925999
926106
926221
926372
926714
926822
927068
927173
927465
927558
927656
927759
927866
927981
928132
928474
928582
928828
929015
929077
929282
929348
929419
929495
929575
929665
929763
930265
930346
930424
930489
930703
930772
930846
930925
931008
931101
931202
931457
931541
931622
932108
932707
932900
932972
933207
933283
933364
933450
933540
933640
933748
934490
934581
934669
934973
935037
935248
935316
935389
935467
935549
935641
935741
936254
936337
936417
936496
936752
936835
936923
937016
937113
937221
937337
937485
937583
937678
937781
938011
938072
938274
938339
938409
938484
938563
938652
938749
938983
939063
939307
939379
939614
939690
939771
939857
939947
940047
940155
940726
940817
940905
940978
941314
941391
941473
941560
941651
941752
941861
942441
942533
942672
942829
943187
943302
943422
943547
943676
943815
943962
944320
944450
944589
944922
945033
945385
945500
945620
945745
945874
946013
946160
946534
946664
946791
946864
947102
947179
947261
947348
947439
947540
947649
948083
948175
948264
948311
948367
948554
948614
948679
948749
948823
948907
948999
949101
949712
949972
950232
950483
950555
950886
951352
951405
951583
951640
951702
951769
951840
951921
952010
952109
952330
952399
952641
952694
952872
952929
952991
953058
953279
953348
953641
953699
953832
953901
953975
954054
954137
954230
954331
954442
954826
954910
955103
955236
955305
955379
955458
955541
955634
955735
955846
956224
956308
1009123
1009491
1009667
1009802
1009872
1009924
1009976
1010042
1010157
1045599
1045640
1393156
1448858
1452450
1456045
1585878
1667003
1675714
1675761
1675858
1675955
1676052
1718592
1718662
1718736
1721640
1724351
1727090
1727136
1727186
1727550
1728383
1736387
1738496
1738547
1738674
1738727
1738964
1739098
1739344
1739447
1739557
1739714
1739824
1740244
1741583
1741990
1742062
1742299
1742676
1742719
1742768
1742815
1742871
1742920
1742967
1743023
1743191
1743272
1743367
1743506
1743547
1743600
1743660
1743720
1743780
1743843
1780635
1781550
1781598
1781703
1794662
1794780
1795536
1796477
1799295
1799350
1799466
1799621
1800364
1800569
1800941
1801213
1801310
1802471
1802623
1839209
1839392
1839452
1839504
1839553
1839599
1839645
1839695
1839755
1839812
1839866
1839962
1840025
1840074
1846703
1849984
1851861
1851909
1851959
1852006
1857386
1857489
1857543
1857805
1857858
1857949
1858914
1859044
1859422
1859485
1859553
1859617
1859675
1859776
1859845
1859910
1859969
1860719
1861352
1862252
1862343
1862601
1862657
1862728
1863283
1863439
1863488
1864847
1867310
1867360
1867419
1867464
1867656
1867818
1867976
1868154
1868209
1868255
1868308
1868420
1868469
1868569
1868711
1869494
1869540
1870013
1870056
1870109
1870180
1870233
1870293
1870358
1910091
1910186
1910408
1910759
1910814
1910869
1914755
1918570
1921662
1924976
1925032
1925078
1925654
1926274
1926323
1926552
1926597
1926972
1928282
1928331
1933532
1933816
1933862
1934182
1934694
1934803
1934976
1935205
1935253
1935771
1935824
1935878
1935924
1935980
1936255
1936571
1936623
1936677
1936730
1936780
1936833
1936893
1937222
1937268
1937321
1937394
1937455
1937562
1937679
1971664
1978645
1988886
1988935
1989714
1989764
1989821
1991248
1991291
1992230
1992342
1992435
1992552
1992654
1992705
1992761
1992808
1992865
1992956
1993105
1993156
1993204
1993406
1993481
1993872
1993911
1993987
1994139
1994188
1994298
1994341
1994428
1994483
1994547
1994596
1994833
1995075
1995118
2032587
2032643
2032916
2052739
2052826
2052884
2053001
2053045
2053227
2053276
2053505
2053558
2053739
2053968
2054031
2054516
2054707
2054746
2054794
2054842
2055581
2055688
2056420
2056472
2065069
2065118
2065308
2065740
2065852
2065939
2065995
2066048
2066102
2066349
2066402
2066653
2066754
2066808
2066865
2066927
2066991
2067045
2067097
2067151
2067200
2067254
2067302
2067354
2067409
2067464
2067524
2067587
2067650
2067705
2067857
2067901
2068289
2068436
2068498
2068547
2068604
2070551
2071215
2071376
2071434
2073549
2073916
2075447
2075538
2075763
2076049
2076617
2077075
2077144
2077604
2078412
2078481
2078898
2079213
2079252
2079626
2080944
2081622
2082298
2082504
2083068
2084115
2084210
2086567
2086654
2087414
2087703
2088020
2088154
2096582
2097653
2097810
2097863
2097969
2098213
2098285
2102813
2103156
2103314
2103830
2103886
2103946
2103988
2104230
2104829
2104998
2105164
2105955
2106038
2106468
2107425
2107488
2107764
2108199
2108246
2108334
2108406
2108460
2108514
2108567
2108621
2110064
2110206
2110257
2110508
2110905
2111037
2111225
2111348
2111569
2111618
2111678
2111875
2111922
2111969
2112668
2113136
2113282
2113576
2113808
2114021
2114123
2115156
2115208
2115260
2116092
2116569
2116632
2116806
2116869
2116933
2118009
2118091
2118521
2118681
2118738
2120066
2120130
2121524
2121622
2126686
2126749
2127805
2128305
2128404
2128456
2128550
2129107
2131617
2131660
2131767
2132451
2132667
2134519
2135167
2135645
2135699
2135757
2135816
2136185
2136279
2136447
2136796
2137182
2137412
2137806
2138172
2138395
2138584
2139315
2139360
2139408
2139459
2139510
2139861
2140216
2141854
2142065
2142266
2142315
2142377
2142431
2142482
2142530
2142578
2142620
2142800
2142881
2143375
2143472
2143608
2143649
2143839
2144036
2144087
2144130
2144187
2144316
2144471
2146630
2147237
2147281
2147541
2147818
2147993
2148061
2148133
2148205
2149250
2149342
2149406
2149772
2149836
2149879
2149934
2149994
2150110
2150761
2150856
2151188
2151246
2151312
2151374
2151430
2151633
2151713
2151755
2151965
2152478
2152731
2152817
2152876
2154133
2154300
2154981
2155113
2155204
2155638
2155685
2155970
2156013
2156113
2156286
2156445
2156792
2159933
2160244
2160288
2160492
2160534
2160878
2161091
2161159
2162144
2162195
2162691
2163110
2163468
2163772
2163839
2163889
2163939
2163989
2164039
2164106
2164156
2164206
2164256
2164306
2164356
2164454
2164510
2164657
2164714
2165416
2166197
2166296
2166389
2166597
2166664
2166765
2167382
2167601
2167768
2167909
2168004
2168047
2168145
2168189
2168351
2171337
2172443
2172491
2172536
2172587
2172638
2172926
2173110
2173173
2173506
2173711
2173774
2173961
2174120
2174247
2174453
2174665
2174848
2174900
2175005
2175242
2175527
2175576
2175813
2176032
2176229
2176396
2176531
2176783
2176888
2177537
2177599
2178425
2179461
2179546
2179642
2179814
2179869
2180413
2180454
2180664
2180894
2180934
2180976
