11
58
111
159
215
297
346
393
436
489
530
582
635
715
761
826
875
936
987
1039
1090
1135
1409
1458
956475
1009061
1009123
1009446
1009597
1009638
1009761
1010016
1010083
1010198
1067208
1067235
1067276
1067317
1067345
1067380
1067414
1067440
1067611
1067656
1067701
1067744
1067784
1067823
1067864
1067905
1067949
1067990
1068032
1068077
1068124
1068173
1068226
1068273
1068324
1068369
1068419
1068464
1068513
1068566
1068611
1068656
1068702
1068747
1068792
1068837
1068881
1068926
1068977
1069025
1069069
1069107
1069144
1069196
1069232
1069277
1069313
1069364
1069401
1069454
1069498
1069543
1069589
1069640
1069699
1069759
1069812
1069866
1069929
1069978
1070025
1070075
1070126
1070182
1070229
1101901
1122556
1122602
1122643
1135826
1175260
1175344
1175416
1175457
1175518
1175544
1231330
1231435
1338226
1338603
1338667
1500705
1500736
1500881
1500943
1501243
1503937
1505371
1506352
1507039
1507353
1507396
1507725
1508647
1508746
1508793
1512325
1512538
1512701
1513035
1514171
1514213
1517757
1518579
1518669
1518810
1518868
1518938
1521259
1523409
1524306
1524469
1524577
1525112
1525484
1526336
1528097
1528157
1528259
1530288
1530351
1531242
1532302
1532363
1533680
1533711
1534919
1535927
1535979
1536058
1538273
1538979
1539509
1540276
1541352
1541785
1541902
1545428
1545728
1548112
1548159
1548594
1548775
1549630
1549826
1551299
1551911
1551974
1552618
1554502
1554827
1555038
1556193
1557009
1557098
1557304
1557386
1558073
1558104
1558173
1559971
1566132
1566175
1566491
1566885
1567230
1567287
1567475
1567543
1567595
1568685
1570185
1571265
1572130
1572937
1573154
1573213
1573303
1573535
1574850
1574881
1574912
1574953
1575039
1575100
1575188
1575277
1575936
1576474
1576692
1580516
1580557
1580904
1582838
1583001
1583662
1583713
1588134
1590675
1590898
1591011
1595163
1596147
1596211
1596278
1597230
1598529
1602299
1602586
1602650
1602685
1603105
1603215
1603327
1605863
1605902
1605954
1610078
1611678
1611852
1611903
1617033
1617581
1618711
1619396
1619905
1620735
1620955
1621014
1622242
1622618
1622964
1623504
1623543
1629221
1631211
1632028
1632067
1633558
1635255
1635545
1635760
1635809
1636493
1636587
1642055
1642680
1646486
1646535
1646592
1647268
1647321
1647382
1649932
1651588
1651785
1652274
1652744
1652868
1654580
1657282
1657330
1657959
1659817
1662082
1667674
1667854
1672084
1675677
1676149
1718504
1721597
1726865
1726951
1727951
1728000
1728055
1736448
1736774
1736822
1737238
1737596
1738871
1740244
1741113
1741583
1741718
1742117
1742187
1742627
1743083
1743136
1743239
1743897
1743950
1781498
1794662
1794737
1795536
1795620
1795665
1802425
1802517
1802582
1802623
1802751
1802784
1839254
1857341
1859044
1859213
1859335
1859733
1860264
1860992
1861352
1861674
1861729
1861797
1861858
1861938
1862252
1862343
1862490
1862540
1863638
1864075
1864124
1864338
1865929
1865980
1867464
1867607
1867720
1868085
1868569
1868762
1868805
1868952
1869284
1910186
1910302
1910347
1910518
1926367
1926422
1927087
1928217
1928542
1928612
1933698
1933749
1934549
1935073
1935320
1937520
1937742
1968137
1971542
1971593
1988845
1992342
1992592
1992912
1993204
1993481
1993672
1993951
1993987
1994188
1994341
1994648
1994883
1994924
1994979
1995026
2033286
2047331
2047647
2048001
2049096
2052787
2054187
2054890
2054956
2055006
2055117
2055210
2055492
2055539
2056976
2057562
2057754
2057931
2058136
2058332
2058624
2058742
2059312
2059538
2059926
2060069
2060174
2060266
2060455
2060727
2060900
2061070
2061248
2061428
2061602
2061778
2061948
2061992
2062172
2062354
2062538
2062709
2063018
2063375
2063421
2063611
2064189
2064373
2064553
2065795
2066449
2066496
2066653
2067947
2068659
2068772
2068951
2069056
2069178
2069301
2069446
2069576
2069705
2069889
2070016
2070150
2070364
2070606
2070705
2070790
2071490
2071537
2071670
2073475
2073610
2073916
2074027
2075645
2075811
2075902
2075986
2076772
2076831
2076884
2076937
2077025
2077409
2077460
2077508
2077651
2077820
2077871
2077928
2077973
2078412
2078532
2081000
2081165
2081406
2081622
2081834
2081930
2082057
2082143
2082234
2082298
2085746
2085849
2085924
2095203
2103156
2105038
2105125
2105203
2105248
2105439
2105818
2105997
2106306
2106359
2106468
2106559
2106877
2107633
2107678
2108156
2110257
2110508
2110870
2111225
2111398
2111739
2111786
2111969
2112668
2112830
2113136
2113240
2113619
2113858
2114199
2114353
2114535
2114697
2114845
2114973
2115595
2115832
2115914
2115955
2116000
2116203
2116518
2117250
2117291
2117421
2117733
2117820
2117855
2117900
2117951
2118058
2120287
2120358
2121464
2121586
2122453
2126641
2126809
2126903
2127218
2127708
2128220
2131807
2131919
2131974
2132236
2132384
2132496
2132556
2132630
2132667
2134476
2135212
2135311
2135816
2135904
2136010
2136140
2136185
2136330
2136587
2136749
2137238
2137322
2137504
2137917
2137954
2138034
2138075
2138226
2138350
2138395
2138639
2139171
2139229
2139270
2139924
2140216
2141400
2142166
2142846
2142881
2142975
2143690
2144234
2144361
2144422
2144471
2146263
2146305
2146445
2146630
2146737
2146830
2146881
2147281
2147374
2147541
2147667
2147718
2148277
2149250
2150157
2150455
2150544
2150761
2151486
2151531
2151580
2151674
2151797
2151856
2151932
2152087
2152139
2152186
2152223
2152285
2152332
2152377
2154259
2154360
2154412
2154675
2154981
2155347
2156058
2156591
2156632
2156679
2156753
2159152
2159235
2159547
2159592
2159653
2159715
2160074
2160150
2160638
2160696
2160764
2160827
2161358
2161395
2161527
2162018
2162057
2162096
2162254
2162290
2163152
2164405
2164510
2164714
2164813
2164888
2165531
2165576
2165613
2166340
2166555
2166728
2166765
2167555
2167866
2167961
2168351
2178812
2178870
2178909
2178950
2179418
2179736
2179775
2180801
2180857
