2049096
2049232
2056976
2057093
2057562
2057684
2057754
2057866
2057931
2058136
2058258
2058332
2058421
2058489
2058550
2058624
2058742
2058882
2059191
2059312
2059538
2059662
2059733
2060069
2060174
2060266
2060455
2060578
2060655
2060727
2060834
2060900
2061005
2061070
2061182
2061248
2061362
2061428
2061535
2061602
2061711
2061778
2061883
2061992
2062106
2062172
2062287
2062354
2062473
2062538
2062644
2062709
2062837
2063018
2063179
2063233
2063421
2063539
2063611
2063799
2064004
2064063
2064189
2064373
2064482
2064553
2064860
2064910
2081000
2081107
2081165
2081285
2081343
2081406
2081508
2081834
2081930
2082057
2082143
2082298
2095203
2096403
2096447
2111969
2112140
2114199
2114298
2114353
2114458
2114535
2114639
2114697
2114780
2114845
2114919
2114973
2115078
2132236
2132332
2144234
2150157
2150396
