1493
1527
1577
1614
1655
1702
1739
1794
1851
1905
1959
2007
2067
2113
2161
2205
2249
2304
2371
2440
2511
2579
2645
2730
2796
2863
2930
3007
3086
3167
3245
3321
3416
3492
3569
3640
3713
3783
3852
3918
3997
4071
4147
4226
4298
4374
4463
4547
4633
4722
4804
4884
4966
5045
5123
5184
5266
5349
5420
5512
5605
5680
5757
5831
5904
5954
6010
6083
6153
6218
6282
6344
6434
6515
6596
6678
6754
6827
6900
6972
7072
7163
7254
7346
7432
7515
7598
7669
7762
7861
7957
8054
8139
8230
8318
8407
8499
8588
8678
8769
8857
8946
9027
9130
9239
9345
9452
9547
9648
9746
9845
9947
10046
10146
10247
10345
10444
10529
10616
10700
10783
10859
10937
11012
11086
11152
11235
11315
11390
11464
11529
11614
11700
11777
11855
11930
12025
12121
12208
12296
12375
12456
12534
12611
12681
12753
12822
12890
12956
13048
13139
13223
13308
13390
13470
13554
13653
13736
13812
13914
14015
14109
14204
14296
14386
14480
14589
14682
14762
14844
14923
15001
15064
15149
15249
15343
15441
15536
15611
15694
15778
15859
15941
16032
16122
16195
16290
16400
16504
16612
16717
16802
16895
16989
17080
17172
17273
17373
17450
17529
17605
17680
17740
17813
17885
17958
18030
18108
18175
18249
18319
18402
18484
18567
18649
18737
18814
18898
18966
19045
19125
19203
19292
19382
19464
19548
19629
19709
19783
19859
19932
20004
20058
20124
20189
20255
20331
20406
20476
20548
20617
20685
20733
20804
20868
20943
21004
21070
21141
21203
21266
21333
21405
21481
21557
21640
21706
21766
21838
21892
21961
22022
22085
22143
22206
22271
22333
22393
22475
22559
22614
22679
22740
22804
22870
22927
22988
23063
23118
23174
23234
23294
23349
23408
23472
23540
23611
23685
23754
23826
23903
23977
24040
24103
24160
24221
24278
24344
24403
24472
24532
24594
24659
24732
24792
24850
24909
24975
25035
25097
25155
25211
25273
25335
25398
25469
25544
25616
25692
25776
25862
25922
26003
26077
26162
26233
26309
26390
26462
26535
26612
26694
26780
26866
26959
27035
27105
27187
27251
27330
27401
27474
27542
27615
27690
27762
27832
27924
28018
28083
28158
28229
28303
28379
28446
28517
28602
28667
28733
28803
28873
28938
29007
29081
29159
29240
29324
29403
29485
29572
29656
29729
29802
29869
29940
30007
30083
30152
30231
30301
30373
30448
30531
30601
30669
30738
30814
30884
30956
31024
31090
31162
31234
31307
31388
31473
31555
31641
31735
31831
31892
31966
32037
32121
32196
32273
32347
32420
32484
32550
32613
32675
32729
32804
32873
32937
33022
33101
33169
33239
33306
33372
33419
33484
33548
33616
33682
33751
33808
33867
33931
33998
34059
34118
34179
34239
34307
34367
34434
34498
34561
34627
34691
34754
34820
34880
34953
35028
35106
35180
35247
35318
35381
35446
35510
35574
35633
35708
35782
35860
35936
36015
36082
36151
36225
36302
36373
36442
36513
36583
36661
36731
36808
36882
36955
37031
37105
37178
37254
37324
37407
37492
37580
37664
37741
37822
37895
37970
38044
38118
38181
38246
38308
38369
38424
38492
38577
38660
38742
38827
38918
39003
39103
39183
39271
39360
39445
39521
39599
39694
39787
39879
39974
40075
40170
40280
40370
40468
40567
40662
40748
40826
40929
41011
41095
41176
41256
41321
41404
41495
41577
41668
41746
41830
41905
41980
42057
42155
42232
42311
42390
42465
42558
42659
42751
42852
42940
43034
43119
43204
43291
43399
43486
43575
43664
43743
43824
43902
43979
44048
44134
44211
44291
44378
44457
44553
44640
44730
44827
44910
44995
45077
45158
45222
45292
45369
45450
45537
45629
45710
45794
45874
45961
46052
46149
46251
46342
46436
46517
46620
46711
46824
46919
47016
47110
47203
47287
47373
47456
47538
47609
47691
47774
47868
47950
48031
48112
48204
48297
48401
48493
48584
48665
48771
48862
48978
49073
49170
49264
49357
49442
49529
49613
49696
49764
49844
49928
50020
50106
50181
50264
50342
50432
50526
50628
50724
50809
50902
50981
51082
51184
51286
51404
51518
51620
51729
51824
51913
52024
52136
52248
52376
52500
52612
52731
52836
52929
53024
53116
53207
53285
53381
53469
53575
53667
53761
53852
53942
54024
54108
54189
54269
54344
54439
54531
54620
54712
54802
54887
54992
55094
55193
55295
55395
55484
55575
55663
55750
55813
55882
55963
56035
56108
56188
56261
56340
56431
56513
56596
56686
56763
56842
56918
56993
57057
57133
57226
57294
57376
57450
57522
57595
57683
57766
57839
57915
57985
58053
58126
58210
58286
58361
58444
58514
58609
58704
58775
58849
58935
59038
59116
59208
59292
59374
59457
59555
59648
59731
59817
59897
59975
60058
60152
60238
60323
60416
60496
60601
60706
60787
60865
60945
61022
61098
61166
61253
61347
61434
61512
61598
61687
61770
61854
61938
62025
62107
62180
62263
62343
62431
62514
62586
62666
62744
62832
62920
63002
63080
63163
63247
63338
63423
63503
63586
63673
63762
63842
63932
64022
64113
64200
64290
64374
64463
64553
64640
64738
64815
64899
64983
65079
65157
65241
65319
65416
65520
65617
65705
65801
65900
65993
66087
66181
66278
66370
66453
66546
66636
66734
66827
66909
66999
67087
67185
67283
67375
67463
67556
67650
67751
67846
67936
68029
68126
68225
68315
68415
68515
68616
68713
68813
68907
69006
69106
69203
69311
69398
69492
69586
69692
69780
69874
69956
70040
70121
70201
70263
70343
70416
70490
70562
70652
70735
70819
70895
70973
71048
71122
71172
71239
71304
71370
71434
71510
71608
71691
71774
71868
71969
72055
72132
72211
72297
72379
72468
72545
72632
72705
72790
72873
72953
73040
73120
73212
73289
73373
73458
73534
73617
73694
73768
73854
73962
74055
74148
74252
74363
74459
74546
74635
74731
74823
74922
75009
75106
75189
75284
75377
75467
75564
75654
75756
75843
75937
76032
76118
76211
76298
76376
76456
76533
76609
76666
76741
76811
76880
76953
77021
77093
77164
77235
77303
77370
77455
77535
77614
77697
77775
77857
77938
78019
78097
78168
78241
78311
78380
78442
78519
78594
78670
78732
78807
78883
78961
79043
79120
79198
79279
79353
79427
79510
79593
79664
79736
79810
79888
79957
80026
80098
80168
80240
80313
80393
80471
80542
80612
80686
80764
80839
80915
80990
81064
81139
81227
81305
81378
81455
81538
81612
81683
81767
81847
81931
82017
82107
82210
82303
82393
82485
82570
82651
82745
82835
82929
83025
83125
83238
83341
83441
83543
83638
83723
83810
83894
83977
84049
84134
84220
84308
84400
84487
84575
84666
84750
84834
84927
85020
85101
85183
85267
85355
85434
85513
85595
85675
85757
85840
85930
86018
86099
86179
86263
86351
86436
86522
86607
86691
86776
86874
86962
87045
87132
87225
87309
87376
87465
87541
87632
87710
87808
87893
87989
88072
88166
88247
88339
88418
88507
88583
88680
88764
88853
88929
89023
89104
89200
89283
89379
89462
89556
89637
89735
89820
89912
89991
90084
90164
90268
90359
90461
90550
90647
90731
90827
90910
91005
91087
91182
91264
91358
91439
91534
91616
91722
91815
91918
92008
92110
92199
92298
92384
92485
92573
92671
92756
92855
92941
93018
93117
93203
93304
93392
93500
93595
93701
93794
93898
93989
94091
94180
94279
94365
94472
94566
94665
94751
94855
94946
95052
95145
95251
95344
95448
95539
95647
95742
95844
95933
96036
96126
96240
96341
96453
96552
96659
96753
96859
96952
97057
97149
97254
97346
97450
97541
97646
97738
97854
97957
98070
98170
98282
98381
98490
98586
98697
98795
98903
98998
99107
99203
99284
99367
99447
99526
99602
99680
99755
99829
99897
99979
100060
100148
100236
100314
100394
100472
100564
100655
100753
100851
100939
101029
101111
101195
101276
101356
101416
101493
101577
101661
101737
101820
101903
101976
102056
102136
102202
102275
102348
102430
102509
102595
102681
102756
102831
102913
102983
103070
103164
103258
103344
103437
103530
103613
103703
103793
103869
103952
104035
104127
104216
104312
104408
104493
104578
104670
104744
104820
104893
104965
105025
105105
105185
105262
105336
105415
105485
105564
105642
105718
105792
105867
105942
106019
106093
106169
106244
106314
106404
106494
106581
106665
106754
106834
106923
107011
107097
107181
107266
107351
107438
107522
107608
107693
107767
107843
107916
107988
108043
108133
108208
108277
108356
108437
108509
108589
108657
108729
108794
108894
108979
109058
109147
109238
109320
109410
109488
109570
109639
109710
109778
109845
109903
109986
110056
110129
110209
110285
110364
110436
110511
110590
110677
110756
110842
110911
110983
111053
111124
111213
111307
111376
111445
111511
111583
111660
111748
111836
111920
112002
112083
112163
112239
112316
112401
112486
112567
112650
112731
112813
112890
112965
113036
113106
113184
113268
113343
113421
113495
113563
113656
113736
113819
113909
113995
114084
114166
114251
114340
114437
114526
114622
114701
114783
114863
114944
115043
115147
115226
115305
115381
115463
115550
115648
115746
115840
115932
116023
116113
116199
116286
116381
116476
116567
116660
116751
116843
116930
117015
117096
117176
117264
117358
117443
117531
117615
117687
117761
117832
117902
117959
118021
118091
118160
118236
118319
118385
118453
118525
118592
118660
118728
118796
118862
118927
119004
119090
119171
119251
119334
119437
119524
119601
119680
119759
119842
119919
119994
120081
120177
120268
120358
120451
120564
120661
120748
120837
120926
121019
121106
121185
121266
121344
121421
121488
121560
121640
121719
121805
121898
121974
122052
122134
122211
122289
122367
122445
122521
122592
122665
122735
122804
122866
122941
123023
123105
123177
123256
123335
123407
123492
123584
123676
123758
123847
123936
124012
124090
124165
124239
124297
124370
124448
124516
124589
124665
124737
124811
124888
124962
125031
125105
125173
125256
125344
125422
125505
125591
125673
125757
125844
125928
126007
126091
126163
126237
126308
126378
126444
126512
126577
126641
126700
126782
126863
126936
127005
127081
127157
127225
127300
127380
127449
127541
127632
127715
127794
127880
127966
128044
128129
128219
128292
128367
128439
128510
128572
128648
128731
128808
128886
128967
129055
129132
129212
129284
129365
129437
129523
129616
129703
129791
129882
129980
130067
130157
130239
130330
130406
130484
130559
130633
130690
130782
130873
130952
131030
131123
131215
131313
131410
131476
131557
131647
131736
131817
131905
131993
132063
132131
132198
132300
132401
132490
132578
132681
132783
132891
132998
133074
133165
133265
133364
133455
133553
133651
133731
133809
133875
133958
134039
134121
134203
134286
134376
134458
134541
134632
134706
134799
134878
134964
135045
135128
135209
135305
135396
135475
135550
135628
135709
135784
135865
135948
136018
136097
136185
136265
136341
136420
136499
136576
136661
136753
136831
136913
136996
137072
137165
137256
137348
137440
137533
137633
137725
137818
137919
138003
138106
138195
138291
138382
138475
138566
138672
138773
138862
138947
139035
139126
139211
139302
139395
139475
139564
139662
139752
139838
139927
140016
140103
140198
140300
140388
140480
140573
140653
140735
140814
140892
140963
141036
141106
141175
141234
141306
141380
141452
141524
141592
141682
141760
141845
141921
141995
142073
142147
142219
142288
142370
142454
142536
142618
142696
142796
142884
142979
143065
143149
143237
143321
143403
143476
143551
143623
143694
143745
143805
143864
143926
143989
144048
144111
144174
144244
144313
144385
144458
144527
144600
144667
144736
144802
144867
144923
144997
145068
145140
145223
145308
145387
145457
145534
145605
145681
145749
145833
145914
145996
146089
146184
146273
146353
146440
146521
146607
146679
146753
146824
146894
146942
147005
147074
147135
147204
147272
147341
147404
147466
147534
147606
147685
147760
147842
147920
148005
148080
148162
148233
148314
148396
148458
148519
148594
148670
148733
148805
148867
148937
149008
149086
149151
149212
149270
149336
149406
149479
149559
149625
149703
149782
149868
149934
149998
150054
150117
150183
150256
150320
150385
150447
150510
150588
150673
150737
150805
150863
150927
150992
151057
151119
151175
151241
151314
151379
151444
151507
151573
151654
151742
151823
151911
151974
152044
152107
152175
152250
152315
152375
152443
152518
152583
152643
152716
152795
152866
152945
153023
153102
153175
153247
153325
153407
153496
153581
153673
153761
153856
153941
154033
154114
154205
154297
154369
154440
154525
154611
154684
154766
154838
154918
154999
155087
155162
155233
155301
155377
155457
155540
155630
155706
155794
155883
155979
156055
156129
156195
156268
156344
156427
156501
156576
156648
156721
156809
156904
156978
157056
157124
157198
157273
157348
157420
157486
157562
157645
157720
157795
157868
157944
158035
158133
158224
158322
158395
158475
158548
158626
158711
158786
158856
158934
159019
159094
159154
159226
159290
159356
159419
159481
159530
159586
159647
159715
159785
159850
159912
159974
160043
160105
160174
160236
160301
160372
160433
160495
160564
160625
160691
160762
160840
160920
160995
161067
161139
161218
161290
161369
161441
161516
161597
161668
161740
161819
161884
161951
162015
162078
162133
162201
162266
162344
162413
162484
162552
162619
162677
162759
162831
162910
162981
163056
163125
163201
163280
163348
163440
163522
163611
163692
163777
163856
163942
164031
164103
164177
164248
164318
164366
164429
164486
164546
164610
164669
164729
164790
164850
164923
164990
165060
165134
165203
165273
165344
165408
165474
165537
165599
165654
165719
165801
165874
165945
166012
166086
166161
166227
166303
166396
166480
166562
166640
166725
166811
166880
166952
167020
167087
167136
167195
167276
167341
167401
167466
167535
167599
167661
167718
167776
167849
167924
167982
168055
168128
168202
168275
168334
168398
168464
168539
168609
168688
168749
168820
168895
168951
169025
169090
169150
169216
169273
169340
169415
169486
169545
169604
169661
169733
169794
169872
169933
169992
170053
170122
170213
170288
170358
170433
170512
170586
170658
170725
170793
170876
170961
171029
171112
171195
171279
171362
171431
171505
171581
171666
171746
171835
171906
171987
172072
172138
172222
172297
172367
172443
172510
172587
172672
172753
172822
172891
172958
173040
173111
173199
173270
173339
173396
173471
173544
173620
173691
173760
173832
173899
173976
174056
174133
174208
174286
174354
174425
174499
174571
174646
174713
174798
174881
174967
175048
175127
175209
175286
175373
175463
175550
175635
175723
175801
175882
175966
176048
176133
176204
176277
176347
176416
176476
176553
176632
176704
176786
176862
176938
177029
177105
177180
177253
177339
177411
177485
177554
177633
177705
177777
177851
177926
178009
178087
178157
178244
178333
178415
178507
178593
178679
178780
178866
178951
179034
179130
179212
179296
179375
179464
179546
179628
179712
179797
179890
179978
180052
180128
180201
180273
180338
180405
180469
180532
180590
180666
180736
180802
180869
180942
181009
181076
181149
181216
181285
181365
181437
181513
181579
181644
181719
181797
181869
181943
182012
182083
182150
182219
182289
182357
182443
182523
182599
182676
182759
182836
182913
182996
183073
183152
183242
183324
183410
183486
183561
183646
183734
183816
183900
183979
184060
184137
184216
184296
184368
184442
184513
184583
184639
184715
184798
184876
184942
185028
185121
185209
185279
185351
185420
185488
185543
185605
185688
185761
185838
185910
186003
186086
186173
186249
186327
186402
186476
186549
186640
186735
186823
186905
186994
187090
187182
187264
187361
187454
187537
187629
187719
187809
187899
187988
188070
188152
188234
188321
188417
188505
188591
188681
188779
188878
188961
189040
189127
189209
189292
189393
189498
189596
189688
189787
189893
189995
190087
190194
190297
190390
190492
190592
190692
190792
190891
190983
191075
191167
191264
191370
191468
191564
191664
191772
191881
191974
192063
192160
192252
192339
192428
192514
192599
192655
192719
192787
192864
192942
193018
193089
193164
193240
193303
193366
193441
193513
193580
193649
193722
193786
193856
193928
194003
194068
194135
194201
194278
194353
194429
194504
194572
194638
194706
194770
194849
194918
194991
195062
195140
195221
195291
195366
195432
195500
195581
195665
195732
195801
195872
195940
196012
196084
196144
196209
196272
196341
196414
196482
196551
196618
196679
196749
196827
196895
196962
197026
197095
197165
197239
197313
197388
197460
197534
197598
197674
197748
197823
197899
197973
198043
198111
198196
198279
198350
198425
198507
198574
198640
198721
198786
198855
198922
198993
199062
199138
199218
199295
199373
199450
199523
199600
199674
199747
199829
199907
199973
200042
200110
200178
200246
200313
200380
200458
200537
200600
200667
200746
200821
200893
200966
201041
201114
201191
201269
201351
201429
201495
201572
201635
201707
201773
201843
201929
201996
202059
202129
202197
202271
202343
202408
202475
202549
202628
202715
202803
202890
202971
203056
203142
203215
203288
203373
203456
203533
203613
203697
203771
203851
203933
204018
204093
204170
204246
204333
204418
204504
204590
204668
204744
204822
204896
204985
205064
205147
205228
205316
205408
205488
205573
205649
205727
205818
205912
205989
206068
206149
206227
206309
206391
206461
206537
206610
206689
206772
206850
206929
207006
207077
207157
207245
207323
207400
207474
207553
207633
207717
207801
207887
207969
208053
208127
208213
208297
208382
208468
208552
208632
208710
208805
208898
208980
209065
209157
209234
209310
209401
209477
209556
209633
209714
209794
209880
209970
210057
210145
210232
210315
210402
210486
210569
210662
210750
210826
210905
210983
211062
211140
211217
211294
211382
211472
211545
211622
211712
211798
211880
211963
212048
212131
212218
212306
212398
212486
212562
212649
212722
212804
212880
212960
213056
213134
213207
213288
213366
213450
213532
213607
213673
213753
213834
213923
214007
214094
214185
214270
214363
214454
214536
214617
214697
214778
214855
214927
215005
215076
215147
215222
215297
215371
215443
215529
215600
215677
215769
215845
215916
215992
216066
216141
216217
216307
216398
216497
216591
216688
216789
216884
216987
217088
217180
217271
217361
217452
217539
217621
217709
217790
217871
217956
218041
218125
218207
218303
218384
218471
218573
218659
218740
218826
218910
218995
219075
219157
219236
219314
219381
219483
219561
219639
219729
219806
219894
219977
220056
220141
220223
220303
220384
220473
220551
220650
220734
220815
220901
220985
221074
221147
221225
221337
221425
221513
221613
221700
221798
221891
221980
222075
222167
222257
222348
222447
222535
222644
222738
222829
222925
223019
223118
223201
223283
223367
223448
223528
223599
223672
223742
223811
223872
223951
224023
224105
224195
224291
224373
224466
224541
224613
224702
224784
224876
224976
225082
225174
225277
225362
225438
225516
225591
225665
225718
225802
225887
225970
226054
226131
226200
226273
226332
226402
226479
226557
226631
226704
226775
226850
226926
226998
227073
227139
227212
227295
227370
227439
227512
227582
227651
227731
227818
227906
227990
228073
228154
228239
228325
228407
228492
228568
228651
228744
228829
228908
228991
229071
229144
229219
229291
229362
229427
229521
229616
229709
229803
229890
229969
230052
230121
230192
230260
230327
230386
230456
230530
230608
230702
230805
230888
230964
231037
231111
231191
231272
231347
231430
231507
231588
231657
231747
231825
231906
231990
232083
232174
232265
232341
232426
232503
232587
232672
232747
232833
232925
233012
233090
233179
233256
233334
233419
233521
233599
233679
233773
233845
233914
233994
234078
234166
234270
234383
234476
234562
234645
234729
234819
234910
234995
235088
235175
235266
235345
235445
235533
235624
235718
235821
235922
236023
236109
236204
236291
236385
236480
236565
236661
236763
236860
236948
237047
237134
237222
237317
237429
237517
237607
237711
237793
237861
237945
238036
238114
238208
238309
238391
238475
238556
238636
238709
238784
238856
238927
238995
239081
239168
239246
239342
239439
239521
239605
239686
239766
239830
239912
240001
240082
240159
240254
240334
240417
240486
240562
240649
240725
240811
240904
240988
241062
241140
241217
241293
241379
241453
241545
241644
241735
241822
241927
242017
242110
242189
242275
242372
242458
242554
242657
242751
242835
242923
243010
243096
243192
243270
243350
243427
243503
243556
243614
243680
243760
243837
243914
243992
244089
244176
244269
244349
244426
244501
244600
244694
244793
244896
245004
245113
245231
245333
245448
245542
245649
245751
245845
245940
246026
246136
246240
246349
246462
246580
246699
246827
246940
247065
247170
247287
247399
247503
247608
247697
247789
247878
247966
248042
248133
248221
248309
248398
248506
248604
248708
248799
248887
248960
249045
249157
249249
249342
249433
249525
249620
249711
249803
249887
249982
250104
250206
250309
250410
250512
250617
250718
250820
250908
250998
251085
251171
251244
251335
251426
251510
251611
251712
251800
251890
251977
252063
252143
252225
252304
252382
252440
252519
252599
252678
252764
252837
252919
252999
253080
253160
253241
253310
253399
253489
253578
253674
253757
253849
253939
254030
254120
254211
254284
254359
254431
254502
254554
254621
254686
254754
254823
254884
254950
255017
255098
255171
255240
255316
255398
255475
255542
255617
255684
255756
255818
255886
255968
256037
256120
256206
256280
256357
256428
256501
256575
256657
256731
256800
256883
256969
257043
257120
257196
257266
257343
257420
257494
257568
257640
257715
257783
257848
257926
258006
258092
258173
258272
258372
258453
258528
258606
258683
258759
258834
258922
259012
259108
259199
259308
259418
259509
259594
259682
259769
259855
259934
260015
260093
260170
260234
260311
260386
260464
260543
260614
260690
260767
260858
260941
261020
261106
261198
261285
261362
261447
261524
261606
261678
261756
261848
261927
262020
262116
262200
262287
262368
262451
262535
262627
262711
262790
262883
262979
263063
263150
263236
263316
263403
263490
263574
263658
263740
263825
263903
263968
264053
264145
264227
264302
264397
264499
264591
264670
264751
264829
264906
264965
265031
265102
265180
265265
265344
265430
265501
265590
265678
265761
265847
265925
266001
266082
266161
266239
266308
266372
266445
266514
266590
266671
266759
266854
266943
267039
267120
267219
267317
267410
267506
267594
267680
267771
267860
267948
268027
268101
268184
268257
268332
268404
268475
268533
268601
268671
268751
268820
268892
268963
269032
269098
269172
269240
269310
269386
269454
269532
269612
269702
269781
269863
269944
270023
270099
270183
270261
270341
270427
270488
270561
270639
270711
270792
270868
270954
271041
271119
271190
271273
271361
271443
271534
271620
271716
271813
271901
271976
272053
272127
272200
272263
272331
272421
272496
272587
272674
272766
272842
272924
273007
273085
273185
273270
273371
273468
273570
273656
273748
273841
273923
274007
274088
274168
274235
274316
274403
274480
274571
274668
274749
274832
274912
274991
275058
275132
275213
275296
275373
275457
275548
275641
275722
275805
275885
275964
276031
276118
276199
276276
276373
276464
276545
276628
276708
276787
276859
276933
277004
277074
277139
277216
277289
277369
277452
277530
277608
277685
277764
277836
277910
277985
278067
278136
278212
278294
278367
278445
278522
278595
278675
278760
278836
278917
278998
279081
279159
279234
279321
279404
279494
279587
279675
279763
279850
279939
280021
280105
280190
280282
280361
280447
280539
280622
280710
280797
280880
280970
281065
281151
281242
281333
281426
281514
281589
281679
281774
281860
281949
282028
282109
282187
282264
282332
282402
282469
282535
282591
282674
282756
282841
282927
283007
283083
283148
283222
283296
283366
283443
283530
283619
283695
283788
283867
283939
284020
284094
284162
284255
284347
284442
284538
284628
284714
284789
284873
284957
285037
285124
285221
285320
285406
285509
285598
285680
285771
285855
285927
286001
286072
286142
286203
286276
286348
286413
286484
286567
286649
286724
286799
286876
286950
287023
287078
287158
287229
287297
287385
287472
287546
287623
287769
287910
288044
288186
288323
288453
288564
288648
288732
288809
288895
288964
289046
289117
289202
289279
289360
289436
289515
289586
289664
289745
289818
289885
289961
290036
290114
290176
290241
290322
290399
290480
290543
290611
290688
290772
290839
290913
290987
291054
291138
291231
291308
291402
291505
291586
291669
291749
291828
291895
291985
292066
292144
292242
292339
292423
292510
292666
292817
292961
293113
293260
293400
293521
293615
293709
293796
293892
293971
294063
294144
294239
294326
294417
294503
294592
294673
294761
294852
294935
295012
295098
295183
295271
295343
295418
295509
295596
295687
295760
295838
295925
296019
296096
296180
296264
296333
296419
296500
296585
296665
296750
296830
296915
296995
297076
297152
297233
297309
297387
297460
297538
297611
297693
297770
297849
297923
298002
298076
298158
298240
298317
298396
298470
298549
298645
298736
298831
298921
299016
299106
299201
299291
299382
299468
299559
299645
299733
299816
299904
299987
300079
300166
300255
300339
300428
300512
300604
300696
300783
300872
300956
301039
301124
301206
301287
301365
301469
301564
301652
301766
301871
301963
302057
302148
302238
302306
302389
302477
302565
302643
302736
302834
302932
303014
303098
303179
303259
303323
303405
303482
303554
303628
303720
303807
303889
303967
304047
304124
304200
304266
304347
304434
304521
304609
304700
304801
304885
304972
305064
305147
305224
305310
305395
305483
305555
305631
305722
305819
305916
306014
306115
306226
306320
306417
306519
306612
306699
306795
306890
306988
307070
307150
307232
307311
307389
307460
307533
307603
307672
307733
307809
307889
307969
308040
308126
308216
308306
308381
308458
308532
308605
308659
308730
308815
308905
308982
309060
309139
309207
309281
309353
309424
309501
309570
309645
309709
309785
309857
309928
310005
310074
310149
310213
310278
310349
310425
310491
310565
310644
310721
310792
310856
310920
310986
311049
311117
311194
311271
311342
311410
311477
311541
311614
311689
311755
311836
311931
312031
312118
312206
312295
312373
312457
312539
312620
312707
312786
312871
312945
313031
313113
313194
313281
313360
313445
313519
313594
313675
313761
313837
313921
314010
314097
314178
314252
314326
314402
314475
314553
314640
314727
314808
314886
314963
315037
315120
315205
315275
315347
315416
315484
315547
315627
315700
315787
315866
315944
316036
316133
316217
316290
316380
316463
316560
316649
316737
316839
316946
317040
317117
317196
317272
317347
317394
317446
317514
317586
317648
317721
317787
317848
317912
317971
318036
318096
318167
318229
318285
318342
318406
318469
318550
318614
318678
318753
318825
318900
318970
319044
319104
319161
319217
319274
319336
319399
319471
319532
319595
319668
319732
319805
319885
319961
320023
320101
320183
320255
320338
320414
320485
320559
320628
320703
320773
320854
320926
320992
321059
321133
321206
321297
321371
321445
321530
321612
321697
321777
321861
321931
321998
322064
322131
322203
322276
322358
322429
322502
322585
322659
322742
322832
322918
322977
323049
323115
323188
323268
323347
323428
323508
323574
323652
323722
323800
323887
323958
324027
324096
324178
324254
324337
324427
324516
324607
324697
324773
324861
324941
325029
325126
325207
325286
325359
325434
325506
325577
325639
325715
325796
325877
325963
326048
326135
326221
326298
326372
326450
326525
326597
326674
326746
326832
326923
327014
327110
327205
327302
327398
327485
327569
327657
327742
327824
327911
327987
328065
328140
328214
328271
328351
328420
328490
328560
328631
328696
328760
328827
328892
328964
329026
329097
329166
329235
329305
329379
329450
329512
329579
329655
329727
329794
329870
329939
330004
330086
330166
330239
330316
330382
330455
330528
330596
330673
330738
330822
330887
330954
331044
331123
331203
331283
331364
331439
331513
331590
331665
331747
331819
331900
331979
332058
332138
332222
332303
332375
332452
332538
332620
332697
332783
332862
332937
333029
333119
333202
333289
333365
333448
333531
333609
333696
333771
333865
333940
334011
334084
334154
334223
334279
334351
334423
334498
334572
334646
334722
334793
334872
334937
335003
335077
335158
335245
335317
335391
335472
335538
335620
335702
335787
335871
335955
336041
336122
336211
336286
336362
336446
336537
336634
336716
336800
336891
336961
337033
337102
337170
337236
337304
337369
337433
337481
337536
337598
337674
337747
337829
337892
337952
338019
338098
338165
338234
338306
338376
338448
338523
338589
338665
338741
338817
338890
338966
339045
339119
339196
339264
339339
339410
339488
339566
339641
339706
339772
339849
339929
340010
340090
340173
340255
340337
340417
340500
340579
340664
340741
340829
340910
340998
341078
341159
341243
341321
341395
341474
341546
341621
341707
341781
341859
341934
342006
342082
342160
342241
342317
342405
342485
342566
342643
342722
342804
342878
342953
343028
343126
343218
343317
343403
343505
343599
343694
343779
343887
343989
344098
344194
344306
344410
344515
344604
344695
344783
344870
344946
345033
345123
345214
345304
345397
345489
345581
345671
345764
345853
345948
346035
346133
346224
346322
346412
346503
346597
346685
346769
346858
346940
347025
347121
347205
347293
347378
347460
347546
347634
347725
347811
347909
347999
348090
348177
348266
348358
348442
348527
348607
348689
348768
348846
348912
348999
349088
349164
349261
349360
349440
349522
349601
349679
349744
349816
349902
349985
350077
350150
350220
350297
350386
350463
350542
350624
350704
350786
350871
350947
351033
351119
351205
351288
351374
351463
351547
351634
351712
351797
351878
351966
352054
352139
352214
352277
352363
352451
352544
352632
352720
352808
352891
352981
353054
353150
353248
353351
353449
353547
353645
353738
353838
353915
353994
354070
354145
354214
354285
354353
354420
354480
354551
354622
354707
354777
354858
354939
355034
355108
355184
355257
355329
355388
355460
355544
355624
355701
355771
355848
355931
356006
356085
356158
356231
356314
356387
356459
356535
356600
356672
356749
356824
356897
356982
357072
357141
357223
357317
357407
357494
357574
357661
357754
357839
357928
358011
358094
358187
358270
358352
358438
358513
358595
358682
358767
358850
358945
359045
359114
359195
359279
359363
359453
359530
359612
359698
359786
359868
359953
360042
360115
360200
360282
360362
360445
360528
360612
360697
360774
360858
360932
361019
361104
361186
361260
361341
361420
361511
361605
361699
361799
361886
361978
362074
362172
362264
362359
362458
362541
362636
362728
362818
362911
363004
363098
363193
363280
363374
363458
363555
363650
363742
363826
363917
364000
364085
364167
364248
364321
364396
364468
364539
364593
364652
364722
364795
364863
364925
364996
365065
365124
365188
365257
365337
365420
365498
365570
365651
365730
365799
365862
365948
366024
366107
366191
366265
366346
366421
366504
366575
366648
366744
366830
366923
367017
367101
367192
367277
367370
367451
367528
367607
367683
367758
367820
367897
367967
368042
368116
368194
368271
368343
368430
368510
368595
368679
368767
368854
368930
369008
369083
369157
369224
369310
369387
369483
369564
369647
369727
369806
369868
369947
370026
370102
370185
370263
370336
370416
370493
370568
370650
370724
370805
370874
370946
371029
371102
371182
371257
371331
371405
371486
371561
371633
371722
371811
371897
371990
372078
372161
372251
372338
372423
372515
372599
372690
372769
372851
372944
373027
373117
373202
373286
373370
373461
373546
373622
373700
373775
373849
373917
373987
374054
374120
374181
374259
374343
374414
374502
374596
374671
374748
374822
374895
374954
375032
375101
375189
375262
375337
375409
375480
375535
375605
375667
375734
375804
375870
375937
375997
376057
376128
376194
376258
376329
376399
376476
376545
376612
376686
376754
376823
376890
376955
377027
377093
377166
377233
377297
377357
377422
377502
377574
377651
377731
377807
377884
377954
378024
378105
378181
378255
378336
378416
378503
378582
378659
378743
378821
378900
378977
379052
379134
379210
379293
379370
379444
379514
379583
379654
379722
379789
379842
379902
379968
380029
380098
380163
380225
380287
380356
380427
380492
380552
380620
380691
380753
380821
380889
380964
381026
381095
381161
381222
381287
381352
381414
381484
381555
381628
381699
381773
381845
381912
381980
382043
382113
382189
382260
382339
382414
382486
382558
382637
382718
382793
382863
382941
383022
383094
383172
383250
383335
383407
383486
383562
383633
383708
383783
383855
383935
384016
384099
384180
384264
384346
384423
384501
384562
384631
384708
384784
384867
384949
385025
385095
385166
385245
385332
385418
385511
385603
385689
385769
385844
385921
385995
386068
386134
386212
386297
386373
386461
386556
386636
386718
386797
386875
386933
387003
387075
387143
387223
387305
387377
387451
387522
387592
387659
387728
387794
387859
387917
387986
388072
388148
388211
388281
388351
388428
388496
388575
388671
388757
388830
388910
388990
389077
389149
389223
389294
389364
389421
389486
389552
389625
389710
389777
389852
389928
390011
390106
390168
390242
390317
390391
390463
390547
390632
390716
390792
390870
390945
391019
391090
391163
391233
391302
391368
391455
391549
391625
391722
391826
391906
391988
392067
392145
392198
392253
392305
392351
392399
392457
392508
392564
392624
392678
392726
392768
392814
392878
392945
393012
393064
393133
393205
393261
393321
393388
393459
393528
393595
393663
393728
393795
393856
393931
393992
394060
394129
394198
394266
394335
394402
394471
394540
394605
394671
394740
394807
394875
394944
395008
395075
395143
395212
395279
395348
395412
395479
395546
395607
395672
395741
395809
395868
395935
395998
396065
396117
396172
396240
396299
396361
396428
396495
396557
396622
396692
396756
396817
396891
396961
397031
397105
397173
397236
397299
397366
397418
397491
397548
397626
397680
397733
397789
397845
397900
397958
398016
398074
398135
398196
398251
398304
398355
398418
398484
398550
398616
398682
398748
398798
398860
398942
399027
399113
399204
399305
399415
399531
399665
399786
399910
400035
400165
400300
400452
400589
400734
400882
400973
401074
401184
401300
401385
401473
401562
401656
401761
401875
401995
402133
402258
402386
402515
402649
402788
402931
403092
403238
403397
403540
403693
403837
403990
404154
404307
404464
404639
404817
404958
405107
405268
405420
405571
405722
405884
406057
406208
406302
406407
406521
406641
406706
406764
406829
406890
406955
407021
407092
407168
407253
407347
407450
407570
407651
407729
407815
407914
408003
408067
408134
408202
408275
408353
408440
408531
408640
408734
408841
408932
409033
409116
409208
409311
409403
409499
409613
409730
409810
409898
409998
410089
410179
410269
410370
410482
410572
410626
410675
410724
410777
410849
410924
410999
411074
411149
411224
411299
411374
411449
411524
411599
411679
411762
411845
411928
412011
412082
412156
412230
412304
412378
412450
412525
412600
412675
412750
412825
412888
412954
413020
413086
413152
413218
413284
413350
413416
413481
413549
413617
413685
413753
413821
413889
413957
414025
414093
414161
414229
414297
414365
414433
414501
414574
414650
414726
414803
414883
414963
415043
415123
415203
415283
415363
415435
415510
415585
415645
415722
415802
415866
415934
416009
416088
416165
416240
416316
416389
416464
416533
416616
416685
416761
416838
416915
416991
417068
417143
417220
417297
417370
417444
417521
417596
417672
417749
417821
417896
417972
418049
418124
418201
418273
418348
418423
418492
418565
418642
418718
418785
418860
418931
419006
419077
419151
419225
419299
419367
419438
419509
419580
419650
419723
419796
419869
419942
420007
420075
420143
420216
420292
420368
420444
420520
420596
420664
420735
420806
420877
420951
421028
421105
421170
421238
421306
421374
421442
421510
421578
421646
421714
421774
421837
421913
421980
422050
422125
422200
422270
422343
422421
422493
422562
422644
422722
422800
422882
422958
423029
423100
423175
423235
423307
423379
423451
423523
423595
423667
423739
423811
423883
423955
424027
424099
424171
424243
424315
424387
424459
424531
424603
424675
424747
424819
424891
424963
425035
425107
425179
425251
425323
425395
425467
425539
425611
425683
425755
425827
425899
425971
426043
426115
426187
426259
426331
426403
426475
426547
426619
426691
426763
426835
426907
426979
427051
427123
427195
427267
427339
427411
427483
427555
427627
427699
427771
427843
427924
428004
428082
428164
428229
428306
428383
428460
428537
428614
428691
428768
428845
428922
428999
429076
429153
429230
429307
429384
429461
429538
429615
429692
429769
429846
429923
430000
430077
430154
430231
430308
430385
430462
430539
430616
430693
430770
430847
430924
431001
431078
431155
431232
431309
431386
431463
431540
431617
431694
431771
431848
431925
432002
432079
432156
432233
432310
432387
432464
432541
432618
432695
432772
432849
432926
433003
433080
433157
433243
433328
433411
433498
433559
433621
433686
433754
433822
433890
433958
434029
434100
434171
434241
434314
434387
434460
434533
434606
434679
434752
434825
434893
434964
435035
435106
435167
435231
435295
435359
435423
435484
435548
435612
435676
435740
435808
435879
435950
436021
436092
436163
436234
436302
436373
436444
436515
436586
436657
436728
436799
436870
436941
437012
437086
437160
437234
437308
437372
437439
437506
437573
437640
437707
437774
437841
437908
437975
438042
438109
438176
438245
438317
438389
438461
438533
438605
438677
438749
438821
438893
438965
439037
439109
439175
439244
439313
439382
439451
439520
439589
439658
439727
439796
439865
439934
440003
440072
440139
440209
440279
440349
440411
440476
440541
440606
440671
440736
440801
440866
440931
440999
441070
441141
441212
441283
441354
441425
441496
441567
441638
441703
441771
441839
441907
441975
442043
442111
442179
442247
442316
442388
442460
442532
442604
442668
442735
442802
442869
442930
442994
443058
443122
443186
443250
443314
443378
443442
443506
443573
443640
443707
443774
443841
443908
443975
444042
444109
444174
444242
444310
444378
444446
444520
444591
444654
444722
444787
444856
444923
444991
445059
445131
445198
445265
445346
445430
445514
445598
445671
445747
445823
445899
445978
446057
446136
446216
446299
446382
446465
446538
446614
446690
446766
446842
446918
446994
447069
447147
447225
447306
447390
447474
447558
447642
447726
447808
447893
447978
448063
448126
448199
448275
448351
448427
448492
448560
448628
448696
448764
448832
448905
448981
449057
449133
449209
449285
449361
449437
449513
449583
449656
449729
449802
449875
449948
450021
450094
450165
450239
450313
450387
450459
450534
450609
450684
450759
450823
450890
450957
451024
451091
451158
451225
451292
451359
451426
451493
451560
451627
451694
451761
451828
451895
451962
452029
452090
452151
452210
452278
452349
452420
452491
452562
452633
452704
452775
452846
452915
452987
453059
453131
453203
453275
453347
453419
453491
453563
453625
453690
453755
453820
453885
453950
454015
454078
454144
454210
454276
454342
454415
454491
454567
454643
454708
454776
454844
454912
454980
455048
455116
455184
455252
455320
455388
455456
455524
455592
455650
455720
455816
455915
456015
456120
456235
456359
456489
456637
456772
456923
457067
457205
457344
457488
457637
457803
457963
458038
458103
458182
458265
458349
458438
458532
458641
458756
458884
459032
459174
459313
459452
459600
459745
459890
460039
460173
460315
460449
460594
460738
460872
461027
461126
461234
461353
461449
461553
461665
461786
461918
462062
462169
462272
462380
462486
462596
462713
462782
462861
462943
463026
463114
463207
463315
463429
463556
463707
463850
463999
464148
464292
464433
464575
464709
464851
464985
465135
465277
465411
465565
465663
465758
465861
465972
466092
466223
466366
466481
466587
466689
466796
466901
467010
467126
467198
467288
467381
467475
467574
467678
467797
467931
468076
468235
468393
468538
468703
468841
468995
469144
469285
469431
469575
469741
469908
470067
470211
470373
470540
470706
470862
471022
471162
471312
471456
471613
471769
471907
472058
472222
472389
472554
472717
472880
473042
473206
473374
473538
473685
473847
474012
474177
474342
474451
474569
474698
474804
474918
475048
475174
475291
475410
475529
475648
475770
475889
476009
476126
476251
476364
476480
476600
476730
476853
476984
477115
477246
477377
477508
477639
477770
477903
477990
478091
478195
478300
478410
478525
478644
478770
478904
479047
479209
479367
479484
479609
479747
479875
479978
480084
480191
480303
480420
480542
480673
480811
480952
481097
481249
481401
481546
481706
481862
482017
482166
482330
482493
482648
482800
482962
483121
483265
483412
483558
483717
483879
484031
484193
484353
484500
484650
484780
484923
485069
485171
485276
485382
485493
485609
485729
485856
485994
486141
486277
486417
486570
486714
486873
487026
487166
487317
487470
487625
487770
487923
488041
488167
488305
488444
488573
488697
488828
488953
489078
489206
489329
489455
489554
489656
489759
489867
489980
490097
490221
490349
490492
490638
490779
490927
491066
491204
491348
491492
491636
491776
491917
492054
492188
492345
492509
492642
492791
492938
493086
493221
493365
493504
493644
493772
493924
494071
494218
494370
494515
494654
494804
494954
495100
495243
495376
495534
495680
495821
495962
496110
496225
496348
496483
496619
496745
496866
497001
497144
497285
497426
497567
497697
497835
497971
498107
498243
498373
498511
498647
498783
498922
499058
499186
499322
499456
499590
499724
499852
499979
500114
500247
500380
500513
500646
500791
500920
501058
501195
501330
501465
501600
501724
501856
501986
502116
502249
502379
502501
502623
502744
502866
502987
503116
503243
503374
503501
503628
503767
503890
504019
504156
504285
504410
504530
504653
504749
504848
504948
505053
505163
505277
505398
505526
505668
505805
505942
506084
506219
506359
506501
506641
506776
506912
507027
507151
507286
507414
507548
507680
507812
507958
508094
508188
508285
508383
508486
508594
508706
508825
508951
509088
509178
509267
509378
509492
509607
509727
509852
509992
510146
510307
510476
510651
510821
510989
511164
511337
511506
511683
511842
512014
512179
512349
512479
512618
512768
512913
513072
513236
513421
513609
513797
513985
514173
514281
514392
514504
514621
514743
514880
515031
515186
515351
515517
515684
515842
516012
516167
516334
516502
516670
516836
517005
517172
517332
517508
517686
517863
518028
518208
518335
518487
518642
518797
518952
519107
519249
519405
519565
519734
519918
520105
520292
520479
520666
520790
520922
521066
521211
521352
521503
521654
521804
521939
522069
522207
522360
522513
522664
522809
522948
523103
523258
523411
523548
523686
523841
523994
524147
524294
524445
524578
524709
524840
524971
525107
525237
525371
525516
525682
525853
526016
526176
526342
526498
526654
526814
526952
527099
527244
527383
527517
527609
527686
527749
527825
527904
527984
528069
528159
528264
528381
528504
528640
528769
528905
529052
529178
529319
529444
529576
529707
529844
529936
530036
530141
530244
530343
530445
530551
530664
530766
530841
530919
530998
531082
531171
531275
531390
531511
531636
531766
531891
532013
532146
532237
532336
532440
532542
532640
532741
532846
532958
533030
533105
533181
533262
533348
533449
533558
533673
533792
533911
534034
534122
534218
534319
534418
534513
534611
534713
534822
534902
534985
535069
535158
535252
535361
535482
535613
535744
535872
536008
536104
536208
536315
536418
536524
536634
536751
536857
536924
537003
537085
537168
537256
537349
537457
537580
537706
537845
537997
538124
538263
538393
538528
538655
538791
538889
538996
539114
539209
539312
539418
539520
539625
539734
539850
539955
540035
540118
540202
540291
540385
540494
540619
540751
540882
541017
541152
541291
541387
541491
541598
541701
541807
541917
542034
542113
542195
542278
542366
542459
542567
542690
542822
542954
543094
543225
543357
543452
543555
543661
543763
543868
543977
544093
544198
544264
544345
544419
544490
544568
544662
544743
544825
544912
545004
545111
545230
545354
545485
545626
545758
545901
546044
546138
546240
546345
546446
546550
546658
546773
546849
546934
547022
547111
547205
547304
547418
547544
547683
547826
547957
548099
548233
548334
548443
548555
548663
548774
548889
549011
549081
549156
549236
549319
549411
549506
549602
549703
549816
549938
550067
550200
550292
550387
550483
550584
550690
550811
550940
551073
551222
551370
551481
551582
551688
551780
551875
551971
552072
552178
552299
552428
552561
552715
552852
553005
553165
553313
553475
553626
553768
553937
554099
554264
554436
554547
554639
554734
554830
554931
555037
555158
555287
555420
555572
555683
555791
555907
556026
556141
556259
556381
556510
556625
556705
556788
556880
556975
557071
557172
557285
557407
557536
557669
557761
557856
557952
558053
558159
558280
558409
558542
558689
558837
558948
559040
559135
559231
559332
559438
559559
559691
559834
559945
560065
560202
560294
560389
560485
560586
560692
560813
560942
561075
561231
561368
561520
561673
561814
561974
562137
562303
562414
562534
562626
562721
562817
562918
563024
563145
563274
563407
563556
563696
563807
563915
564031
564150
564264
564382
564504
564633
564696
564766
564848
564933
565019
565110
565206
565317
565439
565568
565669
565760
565856
565936
566019
566103
566192
566286
566395
566510
566629
566759
566878
567015
567110
567206
567310
567417
567520
567626
567736
567855
567972
568078
568184
568257
568326
568410
568497
568585
568678
568776
568889
569007
569132
569268
569371
569483
569602
569732
569813
569897
569982
570072
570167
570277
570392
570511
570635
570755
570889
571020
571098
571185
571266
571348
571435
571534
571642
571757
571835
571916
571998
572085
572177
572284
572396
572512
572637
572734
572840
572953
573025
573099
573176
573254
573337
573425
573528
573641
573758
573889
574006
574140
574233
574323
574421
574493
574574
574649
574725
574806
574892
574993
575102
575215
575340
575453
575572
575660
575756
575855
575950
576048
576150
576259
576357
576434
576514
576595
576681
576772
576878
576997
577120
577260
577356
577461
577573
577649
577734
577813
577893
577978
578068
578173
578290
578411
578542
578680
578772
578872
578975
579074
579176
579243
579318
579396
579475
579559
579648
579752
579867
579986
580120
580214
580317
580427
580511
580600
580704
580819
580938
581076
581153
581239
581319
581400
581486
581577
581683
581802
581925
582065
582188
582324
582417
582518
582622
582729
582829
582894
582968
583059
583150
583228
583307
583391
583480
583584
583697
583815
583941
584068
584185
584315
584448
584570
584712
584850
584944
585047
585161
585252
585351
585462
585564
585662
585760
585857
585941
586030
586101
586188
586268
586342
586417
586497
586582
586682
586788
586911
587028
587096
587166
587252
587338
587417
587490
587564
587643
587727
587826
587930
588038
588157
588278
588397
588508
588625
588743
588863
588972
589098
589207
589330
589438
589560
589683
589772
589870
589979
590065
590159
590265
590362
590458
590551
590644
590740
590840
590947
591012
591095
591181
591268
591360
591457
591569
591687
591815
591958
592041
592133
592219
592306
592398
592495
592607
592725
592853
592994
593093
593200
593321
593405
593498
593585
593673
593766
593864
593977
594103
594235
594338
594438
594546
594657
594727
594790
594871
594978
595088
595199
595315
595436
595572
595724
595886
596068
596194
596329
596471
596624
596725
596829
596934
597044
597166
597297
597435
597536
597640
597745
597855
597970
598100
598246
598395
598557
598716
598877
598997
599126
599262
599402
599486
599568
599677
599789
599902
600020
600143
600281
600436
600601
600778
600906
601043
601187
601342
601445
601551
601658
601770
601873
601979
602086
602198
602315
602447
602596
602749
602914
603066
603232
603400
603522
603653
603791
603876
603968
604076
604187
604299
604416
604538
604675
604828
604997
605163
605286
605428
605523
605628
605736
605845
605959
606078
606212
606359
606519
606587
606659
606734
606821
606911
607002
607098
607199
607315
607446
607592
607736
607842
607957
608079
608212
608306
608403
608501
608604
608712
608835
608980
609147
609305
609418
609540
609669
609809
609881
609968
610058
610149
610245
610346
610462
610593
610739
610883
610989
611104
611226
611316
611409
611503
611602
611706
611825
611962
612117
612226
612344
612469
612556
612646
612737
612833
612934
613050
613181
613327
613433
613548
613670
613745
613826
613910
613995
614085
614180
614290
614409
614537
614637
614746
614862
614958
615073
615159
615248
615338
615433
615533
615648
615777
615920
616025
616139
616260
616339
616421
616524
616630
616737
616849
616966
617098
617244
617400
617576
617698
617829
617967
618116
618213
618313
618414
618520
618638
618765
618899
618996
619096
619197
619303
619414
619540
619680
619824
619986
620102
620227
620359
620442
620541
620643
620746
620854
620967
621095
621239
621399
621517
621644
621778
621892
622025
622111
622203
622298
622394
622495
622601
622722
622852
622991
623102
623222
623349
623439
623532
623626
623725
623829
623948
624074
624206
624348
624481
624629
624738
624856
624981
625063
625148
625234
625325
625421
625532
625660
625801
625940
626038
626144
626253
626361
626469
626581
626700
626815
626941
627047
627118
627203
627291
627380
627474
627573
627687
627813
627943
628088
628232
628365
628506
628636
628784
628919
629062
629214
629318
629435
629548
629672
629801
629902
630011
630132
630244
630353
630470
630585
630700
630815
630923
631034
631149
631271
631382
631460
631541
631623
631710
631802
631909
632022
632139
632267
632396
632516
632650
632779
632911
633036
633164
633291
633422
633539
633669
633766
633872
633989
634083
634185
634290
634403
634507
634617
634718
634822
634930
635045
635120
635199
635281
635377
635476
635576
635681
635791
635916
636048
636187
636339
636454
636578
636709
636851
636944
637040
637137
637239
637346
637468
637597
637734
637879
638013
638171
638319
638467
638613
638703
638809
638908
639001
639095
639194
639305
639425
639552
639642
639748
639841
639935
640034
640138
640257
640383
640516
640656
640796
640942
641080
641226
641360
641506
641615
641733
641858
641987
642049
642117
642199
642303
642410
642518
642631
642749
642882
643026
643177
643339
643462
643594
643733
643883
643984
644088
644193
644303
644418
644548
644689
644834
644984
645130
645290
645447
645545
645646
645748
645855
645974
646102
646237
646335
646436
646538
646645
646757
646884
647022
647164
647315
647432
647558
647691
647776
647863
647953
648044
648140
648241
648357
648489
648625
648775
648911
649064
649150
649239
649329
649424
649524
649639
649770
649907
650009
650119
650232
650340
650449
650557
650669
650788
650918
651030
651117
651207
651298
651394
651495
651611
651744
651893
652042
652145
652258
652378
652509
652582
652645
652714
652799
652887
652976
653070
653169
653283
653413
653559
653704
653805
653914
654026
654141
654252
654367
654489
654607
654733
654812
654894
654977
655065
655158
655266
655384
655508
655603
655706
655812
655914
656019
656124
656236
656359
656464
656549
656637
656726
656820
656919
657033
657162
657304
657446
657592
657734
657835
657944
658058
658170
658284
658412
658541
658670
658799
658910
659018
659128
659251
659371
659492
659603
659718
659843
659961
660089
660184
660282
660381
660485
660594
660718
660868
661028
661139
661258
661380
661498
661619
661744
661876
662004
662144
662229
662317
662406
662500
662599
662713
662839
662980
663081
663190
663302
663413
663524
663639
663761
663879
664005
664116
664192
664272
664355
664439
664528
664622
664731
664850
664975
665071
665175
665291
665398
665504
665616
665735
665863
665985
666097
666216
666341
666463
666569
666671
666783
666862
666942
667027
667117
667222
667334
667452
667544
667644
667747
667846
667948
668057
668177
668279
668351
668432
668516
668601
668691
668786
668896
669018
669156
669253
669358
669466
669577
669687
669794
669905
670026
670107
670191
670276
670366
670463
670568
670678
670786
670890
670999
671116
671241
671369
671491
671562
671644
671729
671815
671906
672002
672113
672235
672373
672471
672577
672686
672791
672903
673012
673120
673232
673351
673437
673526
673616
673711
673811
673926
674056
674200
674302
674412
674525
674640
674749
674859
674971
675087
675210
675305
675405
675479
675547
675620
675701
675785
675870
675960
676055
676165
676279
676401
676538
676676
676773
676878
676986
677089
677196
677307
677425
677509
677596
677684
677777
677875
677988
678112
678254
678357
678457
678565
678671
678751
678834
678918
679007
679101
679210
679326
679458
679590
679686
679792
679905
680029
680107
680188
680270
680357
680449
680556
680668
680792
680926
681054
681151
681245
681347
681451
681562
681685
681812
681935
682057
682181
682303
682379
682454
682538
682625
682713
682806
682904
683017
683134
683260
683398
683540
683643
683743
683851
683957
684067
684181
684302
684380
684468
684559
684651
684748
684850
684967
685088
685222
685364
685510
685653
685811
685954
686116
686278
686440
686603
686746
686901
687056
687211
687362
687518
687625
687729
687841
687958
688068
688182
688300
688425
688481
688748
688820
688868
688920
688971
689017
689067
689120
689177
689220
689267
689323
689383
689431
689483
689531
689583
689630
689681
689729
689781
689828
689879
689923
689971
690018
690069
690111
690157
690203
690259
690318
690393
690466
690519
690568
690618
690674
690754
690825
690885
690941
690985
691035
691089
691137
691192
691245
691298
691359
691414
691461
691506
691638
691698
691765
691826
691894
691964
692029
692102
692175
692228
692301
692364
692426
692497
692558
692608
692671
692725
692794
692849
692918
692987
693049
693112
693173
693234
693295
693353
693411
693500
693581
693662
693736
693806
693877
693947
694030
694114
694197
694272
694347
694422
694497
694572
694640
694709
694777
694845
694911
694977
695043
695110
695177
695241
695305
695370
695434
695498
695562
695629
695696
695761
695826
695891
695956
696021
696083
696147
696211
696276
696340
696404
696468
696526
696584
696653
696721
696776
696835
696918
696970
697046
697129
697180
697232
697336
697439
697514
697602
697686
697777
697868
697958
698076
698198
698331
698456
698539
698629
698743
698849
698961
699059
699164
699272
699389
699485
699573
699677
699768
699855
699935
700022
700107
700196
700292
700399
700506
700608
700714
700831
700943
701062
701179
701291
701403
701505
701605
701704
701802
701908
702006
702109
702186
702272
702365
702454
702531
702617
702710
702799
702876
702962
703055
703144
703221
703307
703400
703489
703574
703646
703727
703815
703898
703977
704047
704126
704212
704293
704372
704451
704533
704611
704687
704765
704833
704903
704986
705063
705140
705228
705320
705410
705496
705600
705688
705761
705836
705917
705992
706068
706147
706223
706302
706373
706446
706525
706598
706672
706750
706828
706897
706986
707077
707174
707265
707357
707452
707544
707639
707716
707804
707894
707973
708052
708130
708210
708312
708423
708527
708624
708700
708778
708871
708965
709064
709163
709264
709365
709475
709585
709683
709779
709877
709976
710079
710175
710273
710372
710421
710479
710529
710595
710639
710687
710746
710801
710859
710914
710975
711038
711094
711175
711249
711321
711392
711448
711520
711596
711687
711760
711837
711930
712012
712098
712209
712286
712370
712458
712573
712654
712755
712830
712909
713006
713083
713164
713265
713338
713415
713508
713583
713662
713759
713837
713919
714022
714094
714170
714261
714330
714403
714488
714560
714636
714727
714802
714881
714978
715051
715128
715221
715298
715379
715480
715569
715662
715787
715874
715965
716086
716164
716246
716349
716403
716469
716534
716609
716690
716750
716813
716875
716941
717009
717082
717154
717228
717306
717376
717448
717523
717590
717657
717725
717794
717859
717941
718023
718105
718175
718247
718333
718400
718455
718527
718593
718654
718717
718791
718864
718939
719018
719089
719162
719238
719306
719374
719443
719513
719579
719662
719745
719828
719899
719972
720059
720127
720182
720254
720320
720381
720445
720508
720578
720652
720725
720800
720879
720950
721023
721099
721167
721235
721304
721374
721440
721523
721606
721689
721760
721833
721920
721988
722048
722121
722192
722263
722334
722400
722464
722528
722592
722652
722716
722780
722844
722904
722971
723042
723128
723201
723259
723321
723389
723455
723517
723579
723641
723703
723762
723836
723908
723987
724046
724105
724164
724238
724312
724386
724467
724548
724629
724697
724765
724832
724904
724992
725064
725152
725224
725312
725386
725444
725502
725560
725618
725676
725734
725792
725856
725933
726014
726120
726203
726269
726335
726401
726461
726525
726597
726663
726727
726795
726866
726936
727002
727072
727147
727219
727278
727344
727426
727512
727611
727694
727781
727884
727952
728040
728132
728243
728305
728367
728429
728491
728556
728621
728697
728773
728843
728913
728983
729053
729120
729187
729259
729331
729405
729477
729556
729639
729749
729832
729942
730025
730135
730218
730328
730413
730489
730585
730661
730757
730833
730929
731005
731101
731177
731273
731349
731445
731521
731617
731695
731765
731839
731931
732005
732097
732171
732263
732339
732411
732489
732571
732679
732763
732839
732935
733013
733081
733153
733241
733313
733401
733473
733561
733633
733721
733795
733868
733945
734043
734122
734189
734260
734346
734417
734503
734574
734660
734731
734817
734888
734974
735045
735131
735204
735268
735336
735416
735484
735564
735632
735712
735782
735849
735920
736006
736079
736149
736223
736315
736389
736481
736555
736647
736723
736787
736859
736935
737031
737109
737177
737257
737327
737395
737467
737555
737627
737715
737787
737875
737947
738035
738107
738195
738267
738363
738437
738509
738585
738681
738757
738853
738931
739015
739103
739223
739313
739390
739471
739577
739658
739764
739845
739951
740034
740116
740202
740318
740406
740479
740556
740654
740731
740829
740908
740962
741259
741316
741371
741428
741484
741539
741596
741664
741714
741777
741846
741904
741970
742038
742103
742168
742222
742287
742372
742456
742541
742627
742713
742797
742874
742939
743013
743088
743154
743227
743293
743358
743423
743498
743551
743615
743676
743738
743791
743849
743909
743970
744027
744089
744148
744217
744280
744336
744398
744465
744522
744590
744663
744720
744787
744849
744905
744963
745026
745099
745169
745234
745303
745376
745437
745517
745589
745656
745726
745791
745856
745922
745987
746052
746121
746195
746260
746323
746374
746433
746499
746561
746628
746692
746755
746824
746893
746943
747003
747068
747131
747190
747253
747328
747392
747468
747534
747609
747675
747743
747806
747876
747939
748002
748065
748128
748201
748269
748331
748394
748453
748524
748596
748668
748742
748810
748875
748938
749012
749085
749153
749215
749299
749367
749422
749473
749531
749590
749641
749694
749755
749826
749892
749945
750002
750060
750119
750175
750225
750294
750352
750419
750485
750544
750607
750672
750746
750818
750878
750943
751006
751062
751124
751184
751238
751316
751390
751463
751521
751580
751648
751708
751764
751821
751893
751957
752022
752100
752170
752234
752301
752364
752436
752504
752572
752637
752699
752768
752832
752894
752950
753009
753066
753124
753183
753252
753312
753372
753449
753525
753596
753666
753726
753786
753845
753916
753989
754064
754128
754197
754260
754326
754387
754444
754504
754559
754615
754670
754745
754805
754864
754924
754981
755047
755105
755165
755214
755264
755316
755370
755433
755499
755565
755618
755678
755735
755789
755850
755916
755980
756040
756106
756161
756241
756317
756391
756466
756541
756615
756694
756787
756862
756939
756997
757059
757120
757185
757253
757318
757371
757432
757487
757544
757602
757653
757710
757772
757834
757900
757964
758020
758078
758145
758215
758273
758336
758390
758448
758513
758573
758639
758694
758748
758801
758857
758928
758998
759056
759131
759206
759282
759351
759407
759465
759520
759574
759627
759681
759740
759794
759861
759913
759969
760022
760079
760147
760224
760287
760354
760425
760487
760549
760613
760675
760728
760786
760840
760874
760923
760962
761001
761039
761089
761128
761184
761244
761285
761331
761383
761421
761463
761512
761565
761619
761677
761731
761789
761843
761901
761954
762011
762054
762101
762143
762196
762241
762286
762340
762397
762451
762505
762559
762613
762670
762727
762781
762838
762892
762949
763006
763056
763104
763152
763202
763271
763315
763355
763399
763443
763491
763533
763579
763627
763665
763707
763747
763791
763833
763879
763920
763965
764012
764054
764100
764136
764179
764225
764270
764325
764365
764419
764468
764531
764591
764631
764688
764728
764770
764815
764864
764917
764972
765028
765076
765128
765182
765231
765278
765327
765376
765425
765474
765523
765572
765624
765676
765728
765772
765822
765875
765929
765995
766058
766123
766188
766257
766318
766400
766462
766523
766587
766648
766711
766776
766844
766908
766969
767032
767106
767162
767225
767283
767347
767414
767475
767536
767601
767658
767735
767793
767850
767920
767967
768020
768085
768152
768204
768256
768318
768363
768414
768468
768523
768590
768654
768720
768786
768856
768918
769000
769063
769124
769188
769249
769313
769379
769447
769512
769574
769638
769712
769769
769832
769891
769956
770024
770086
770148
770214
770272
770350
770409
770466
770537
770585
770639
770705
770773
770826
770879
770942
770986
771037
771091
771146
771213
771277
771343
771409
771479
771541
771623
771686
771747
771811
771872
771936
772002
772070
772135
772197
772261
772335
772392
772455
772514
772579
772647
772709
772771
772837
772895
772973
773032
773089
773160
773208
773262
773328
773396
773449
773502
773565
773609
773660
773714
773769
773836
773900
773966
774032
774102
774164
774246
774309
774370
774434
774495
774559
774625
774693
774758
774820
774884
774958
775015
775078
775137
775202
775270
775332
775394
775460
775518
775596
775655
775712
775783
775831
775885
775951
776019
776072
776125
776188
776237
776299
776357
776416
776479
776543
776599
776643
776694
776748
776803
776870
776934
777000
777066
777136
777198
777280
777343
777404
777468
777529
777593
777659
777727
777792
777854
777918
777992
778049
778112
778171
778236
778304
778366
778428
778494
778552
778630
778689
778746
778817
778865
778919
778985
779053
779106
779159
779222
779266
779317
779371
779426
779493
779557
779623
779689
779759
779821
779903
779966
780027
780091
780152
780216
780282
780350
780415
780477
780541
780615
780672
780735
780794
780859
780927
780989
781051
781117
781175
781253
781312
781369
781440
781488
781542
781608
781676
781729
781782
781845
781889
781940
781994
782049
782116
782180
782246
782312
782382
782444
782526
782589
782650
782714
782775
782839
782905
782973
783038
783100
783164
783238
783295
783358
783417
783482
783550
783612
783674
783740
783798
783876
783935
783992
784063
784111
784165
784231
784299
784352
784405
784468
784515
784569
784626
784684
784754
784821
784890
784959
785032
785097
785182
785248
785312
785379
785443
785510
785579
785650
785718
785783
785850
785927
785987
786053
786115
786183
786254
786319
786384
786453
786514
786595
786657
786717
786791
786842
786899
786968
787039
787095
787151
787217
787264
787318
787375
787433
787503
787570
787639
787708
787781
787846
787931
787997
788061
788128
788192
788259
788328
788399
788467
788532
788599
788676
788736
788802
788864
788932
789003
789068
789133
789202
789263
789344
789406
789466
789540
789591
789648
789717
789788
789844
789900
789966
790013
790067
790124
790182
790252
790319
790388
790457
790530
790595
790680
790746
790810
790877
790941
791008
791077
791148
791216
791281
791348
791425
791485
791551
791613
791681
791752
791817
791882
791951
792012
792093
792155
792215
792289
792340
792397
792466
792537
792593
792649
792715
792758
792801
792850
792910
792964
793034
793111
793184
793264
793323
793381
793454
793517
793576
793639
793710
793786
793843
793904
793967
794048
794113
794170
794226
794289
794351
794409
794468
794528
794592
794653
794705
794760
794822
794883
794946
794985
795029
795073
795121
795166
795209
795253
795292
795340
795384
795426
795476
795522
795566
795608
795651
795692
795736
795782
795835
795892
795936
795977
796016
796058
796107
796170
796233
796292
796334
796393
796454
796500
796550
796604
796665
796745
796813
796892
796966
797037
797109
797175
797252
797329
797396
797482
797557
797629
797699
797770
797863
797935
798004
798085
798154
798229
798306
798380
798438
798496
798547
798599
798647
798703
798753
798805
798867
798922
798982
799046
799098
799148
799197
799245
799291
799334
799377
799419
799479
799544
799615
799678
799742
799811
799885
799963
800048
800141
800242
800349
800460
800590
800728
800853
800985
801116
801244
801372
801494
801570
801654
801743
801835
801936
802048
802170
802257
802311
802370
802435
802492
802550
802613
802681
802753
802832
802919
803014
803115
803226
803356
803490
803615
803747
803878
804006
804134
804204
804282
804365
804451
804546
804652
804768
804849
804901
804958
805021
805076
805132
805193
805259
805329
805406
805491
805584
805683
805789
805915
806040
806160
806287
806413
806536
806659
806727
806803
806884
806968
807061
807165
807279
807358
807405
807446
807505
807569
807639
807701
807764
807832
807905
807989
808079
808181
808256
808339
808427
808508
808561
808619
808683
808739
808796
808858
808925
809001
809082
809168
809254
809337
809406
809483
809565
809654
809738
809818
809893
809968
810047
810135
810224
810303
810358
810418
810484
810542
810601
810665
810734
810814
810906
810999
811092
811163
811242
811326
811412
811494
811570
811651
811735
811825
811916
811966
812021
812082
812135
812189
812248
812312
812383
812461
812543
812628
812713
812797
812863
812937
813016
813087
813143
813204
813271
813330
813390
813455
813525
813603
813700
813803
813906
813997
814091
814163
814243
814328
814405
814451
814513
814580
814653
814718
814784
814855
814931
815025
815125
815225
815344
815422
815508
815599
815683
815740
815802
815870
815930
815991
816057
816128
816213
816307
816406
816501
816603
816701
816802
816900
817006
817079
817160
817246
817325
817373
817432
817496
817566
817628
817691
817759
817832
817909
817996
818092
818203
818314
818429
818547
818651
818756
818867
818984
819101
819213
819329
819445
819564
819639
819722
819808
819889
819942
820001
820065
820135
820197
820260
820328
820401
820478
820565
820661
820772
820890
821001
821107
821211
821336
821452
821582
821697
821772
821853
821911
821974
822043
822104
822166
822233
822305
822381
822467
822561
822662
822768
822842
822922
822969
823031
823098
823171
823237
823321
823401
823495
823578
823662
823751
823852
823962
824079
824200
824280
824363
824447
824536
824630
824732
824845
824972
825103
825238
825393
825492
825600
825715
825834
825913
825995
826078
826166
826260
826362
826475
826602
826733
826883
827040
827195
827325
827475
827613
827770
827923
828078
828233
828389
828541
828693
828832
828993
829155
829320
829491
829660
829822
829977
830145
830306
830475
830619
830752
830904
830997
831099
831208
831307
831414
831532
831664
831804
831963
832098
832252
832395
832557
832701
832869
833032
833120
833208
833288
833371
833455
833544
833638
833740
833853
833980
834115
834269
834420
834519
834635
834731
834835
834946
835053
835155
835262
835366
835431
835482
835524
835583
835637
835700
835748
835811
835852
835910
835991
836077
836169
836253
836338
836428
836523
836629
836758
836912
837038
837181
837262
837348
837440
837524
837609
837699
837794
837900
838026
838169
838316
838454
838602
838702
838811
838931
838992
839047
839122
839202
839288
839366
839445
839529
839618
839711
839813
839922
840042
840117
840197
840283
840361
840440
840524
840613
840706
840808
840920
841034
841161
841255
841358
841468
841582
841640
841692
841749
841812
841867
841923
841984
842050
842120
842196
842276
842366
842461
842553
842624
842705
842767
842854
842946
843044
843134
843225
843321
843422
843534
843666
843815
843968
844057
844151
844251
844343
844436
844534
844637
844751
844888
845045
845179
845330
845395
845440
845480
845525
845576
845619
845663
845712
845766
845824
845892
845968
846047
846131
846173
846214
846270
846330
846391
846457
846528
846604
846690
846763
846844
846930
847024
847108
847191
847281
847371
847451
847512
847577
847643
847714
847792
847878
847977
848066
848151
848238
848326
848422
848527
848579
848636
848699
848754
848810
848871
848939
849015
849103
849182
849260
849346
849442
849525
849618
849693
849768
849841
849921
849979
850041
850104
850172
850245
850334
850430
850535
850644
850722
850797
850880
850976
851062
851150
851232
851308
851387
851467
851552
851644
851744
851857
851971
852074
852173
852274
852376
852486
852605
852663
852724
852786
852853
852925
853013
853108
853212
853320
853397
853471
853553
853648
853733
853814
853901
853961
854024
854088
854157
854231
854323
854437
854516
854592
854676
854773
854860
854947
855043
855126
855182
855242
855303
855369
855442
855523
855609
855703
855787
855870
855967
856061
856140
856220
856274
856336
856398
856460
856517
856575
856638
856706
856778
856860
856950
857067
857185
857300
857419
857553
857682
857783
857895
858014
858135
858229
858340
858457
858574
858692
858810
858921
859015
859138
859257
859351
859476
859597
859714
859807
859925
860032
860112
860200
860296
860395
860484
860554
860632
860715
860801
860896
861000
861137
861278
861428
861513
861594
861669
861745
861825
861914
862000
862083
862171
862254
862339
862428
862515
862605
862702
862797
862891
862999
863102
863212
863316
863406
863490
863567
863620
863679
863744
863814
863884
863941
863999
864062
864130
864209
864303
864396
864466
864544
864627
864708
864785
864866
864951
865007
865067
865128
865194
865270
865351
865437
865517
865602
865673
865758
865862
865973
866046
866127
866220
866314
866398
866478
866560
866626
866697
866745
866799
866859
866911
866964
867022
867085
867152
867229
867312
867401
867494
867587
867652
867725
867803
867879
867950
868028
868107
868186
868257
868338
868416
868495
868574
868646
868720
868794
868842
868895
868954
869005
869057
869114
869176
869244
869317
869381
869453
869528
869606
869677
869754
869828
869912
869964
870020
870077
870139
870206
870277
870365
870463
870532
870609
870691
870771
870846
870922
871001
871087
871180
871247
871317
871388
871464
871547
871638
871742
871836
871926
872017
872110
872211
872321
872430
872489
872552
872616
872685
872759
872837
872925
873017
873126
873250
873329
873405
873489
873585
873682
873769
873852
873946
874014
874085
874157
874234
874321
874417
874525
874631
874745
874868
874933
875001
875070
875144
875223
875318
875420
875531
875646
875730
875823
875928
875982
876039
876097
876160
876230
876308
876399
876480
876557
876640
876685
876737
876793
876854
876921
876980
877040
877105
877175
877256
877326
877401
877481
877567
877657
877758
877875
877988
878106
878222
878340
878453
878569
878682
878805
878921
879040
879152
879271
879382
879500
879610
879723
879819
879941
880062
880182
880301
880398
880512
880608
880714
880828
880903
880987
881082
881182
881288
881374
881466
881558
881630
881724
881816
881910
882007
882087
882172
882261
882365
882463
882555
882648
882735
882818
882900
882982
883064
883158
883255
883360
883460
883562
883666
883748
883831
883920
884000
884078
884156
884235
884319
884397
884477
884565
884651
884737
884823
884905
884998
885102
885201
885304
885405
885510
885612
885718
885823
885923
886034
886145
886231
886321
886414
886504
886605
886711
886807
886896
887003
887107
887206
887331
887453
887569
887685
887801
887922
888016
888126
888237
888334
888437
888559
888681
888803
888925
889047
889169
889291
889413
889498
889585
889673
889761
889856
889933
890022
890101
890188
890273
890358
890443
890528
890606
890692
890776
890860
890944
891021
891107
891191
891275
891359
891441
891502
891567
891633
891704
891780
891861
891947
892039
892137
892244
892366
892490
892605
892719
892857
893004
893117
893229
893347
893467
893563
893670
893791
893911
893969
894051
894136
894222
894313
894409
894510
894617
894730
894866
895016
895166
895319
895420
895530
895652
895768
895907
896054
896199
896344
896474
896536
896591
896655
896734
896816
896899
896987
897085
897192
897309
897440
897574
897718
897855
897994
898145
898286
898362
898441
898521
898606
898701
898805
898919
899044
899172
899307
899438
899571
899716
899851
899930
900012
900095
900183
900281
900388
900505
900636
900770
900914
901051
901190
901341
901482
901550
901602
901657
901713
901774
901842
901918
902007
902086
902161
902240
902297
902357
902418
902484
902557
902638
902732
902816
902899
902987
903080
903171
903270
903359
903456
903543
903635
903725
903823
903903
903988
904077
904149
904224
904300
904381
904469
904565
904674
904773
904868
904965
905034
905106
905179
905257
905342
905435
905541
905637
905735
905827
905877
905930
905984
906043
906109
906183
906270
906347
906423
906504
906590
906670
906755
906828
906903
906946
906997
907053
907115
907169
907224
907284
907349
907418
907497
907584
907677
907776
907889
908004
908121
908235
908349
908466
908514
908560
908619
908683
908755
908825
908898
908960
909023
909091
909164
909241
909328
909426
909530
909644
909763
909879
909995
910101
910215
910318
910432
910537
910659
910780
910887
911000
911113
911231
911346
911462
911565
911680
911795
911900
912023
912143
912246
912364
912485
912604
912723
912847
912968
913090
913168
913255
913353
913460
913553
913644
913742
913834
913909
913992
914085
914171
914252
914340
914423
914518
914610
914702
914792
914886
914966
915056
915144
915226
915318
915407
915497
915579
915661
915751
915836
915925
916023
916119
916211
916262
916302
916344
916397
916455
916520
916576
916633
916695
916762
916833
916914
917003
917097
917196
917306
917432
917555
917624
917702
917787
917868
917944
918000
918061
918128
918187
918247
918312
918382
918456
918540
918632
918729
918839
918958
919085
919222
919355
919476
919615
919760
919878
920011
920134
920283
920403
920540
920685
920830
920977
921049
921129
921216
921299
921377
921422
921467
921546
921661
921781
921907
922025
922144
922268
922397
922530
922673
922824
923011
923210
923344
923475
923614
923757
923899
923988
924099
924191
924284
924382
924485
924592
924707
924858
925022
925200
925308
925413
925502
925613
925705
925798
925896
925999
926106
926221
926372
926536
926714
926822
926939
927068
927173
927262
927373
927465
927558
927656
927759
927866
927981
928132
928296
928474
928582
928699
928828
928933
929015
929077
929144
929217
929282
929348
929419
929495
929575
929665
929763
929876
930000
930125
930265
930346
930424
930489
930559
930635
930703
930772
930846
930925
931008
931101
931202
931321
931457
931541
931622
931710
931813
931918
932021
932108
932201
932304
932405
932503
932606
932707
932800
932900
932972
933049
933132
933207
933283
933364
933450
933540
933640
933748
933881
934025
934170
934330
934490
934581
934669
934765
934874
934973
935037
935106
935181
935248
935316
935389
935467
935549
935641
935741
935858
935986
936126
936254
936337
936417
936496
936580
936670
936752
936835
936923
937016
937113
937221
937337
937485
937583
937678
937781
937888
938011
938072
938138
938210
938274
938339
938409
938484
938563
938652
938749
938860
938983
939063
939140
939225
939307
939379
939456
939539
939614
939690
939771
939857
939947
940047
940155
940288
940432
940582
940726
940817
940905
940978
941056
941140
941238
941314
941391
941473
941560
941651
941752
941861
941996
942142
942288
942441
942533
942622
942672
942749
942829
942940
943073
943187
943302
943422
943547
943676
943815
943962
944135
944320
944450
944589
944737
944922
945033
945149
945271
945385
945500
945620
945745
945874
946013
946160
946341
946534
946664
946791
946864
946942
947026
947102
947179
947261
947348
947439
947540
947649
947784
947934
948083
948175
948264
948311
948367
948428
948495
948554
948614
948679
948749
948823
948907
948999
949101
949211
949329
949451
949575
949712
949831
949972
950091
950232
950350
950483
950555
950635
950728
950808
950886
950962
951042
951120
951196
951275
951352
951405
951463
951527
951583
951640
951702
951769
951840
951921
952010
952109
952213
952330
952399
952476
952566
952641
952694
952752
952816
952872
952929
952991
953058
953162
953279
953348
953425
953515
953590
953641
953699
953764
953832
953901
953975
954054
954137
954230
954331
954442
954560
954692
954826
954910
954973
955042
955103
955168
955236
955305
955379
955458
955541
955634
955735
955846
955964
956087
956224
956308
956389
