1172
1231
1288
1347
1009123
1009491
1009667
1009802
1009872
1009924
1009976
1010042
1010157
1045599
1045640
1153769
1175295
1393156
1448858
1452450
1456045
1501280
1501350
1501412
1501459
1501521
1501572
1501645
1501712
1501765
1501841
1501896
1501969
1502039
1502103
1502174
1502238
1502303
1502356
1502424
1502492
1502555
1502626
1502696
1502753
1502819
1502889
1502939
1503005
1503064
1503119
1503179
1503236
1503296
1503363
1503421
1503480
1503560
1503639
1503695
1503751
1503821
1503881
1504241
1504282
1504335
1504387
1504437
1504499
1504562
1504619
1504675
1504748
1504811
1504859
1504916
1504980
1505040
1505107
1505158
1505222
1505296
1505424
1505483
1505539
1505601
1505665
1505721
1505782
1505853
1505917
1505975
1506038
1506104
1506159
1506221
1506278
1506385
1506438
1506493
1506556
1506622
1506682
1506743
1506804
1506868
1506927
1506990
1507257
1507307
1508029
1508100
1508156
1508235
1508301
1508365
1508426
1508503
1508583
1508846
1508898
1508949
1509005
1509066
1509124
1509183
1509243
1509304
1509356
1509418
1509475
1509536
1509592
1509649
1509712
1509776
1509834
1509890
1509948
1510006
1510065
1510124
1510181
1510234
1510292
1510359
1510425
1510491
1510551
1510619
1510698
1510753
1510816
1510878
1510935
1510996
1511058
1511116
1511161
1511210
1511262
1511321
1511380
1511431
1511495
1511555
1511609
1511690
1511751
1511813
1511869
1511918
1511971
1512046
1512135
1512204
1512263
1512473
1512597
1512646
1512740
1512799
1512857
1512924
1512981
1513082
1513132
1513174
1513225
1513269
1513329
1513376
1513436
1513496
1513553
1513605
1513669
1513731
1513779
1513846
1513901
1513956
1514007
1514061
1514112
1514253
1514318
1514380
1514440
1514494
1514552
1514612
1514671
1514732
1514813
1514893
1514955
1515020
1515082
1515147
1515209
1515267
1515319
1515368
1515417
1515462
1515529
1515583
1515635
1515688
1515749
1515806
1515863
1515917
1515970
1516023
1516083
1516137
1516180
1516234
1516292
1516352
1516406
1516452
1516513
1516565
1516627
1516686
1516752
1516820
1516882
1516942
1516988
1517038
1517101
1517168
1517219
1517279
1517329
1517381
1517439
1517496
1517550
1517620
1517686
1517798
1517863
1517924
1517983
1518039
1518102
1518704
1518753
1518982
1519031
1519089
1519150
1519209
1519262
1519322
1519373
1519423
1519472
1519531
1519589
1519644
1519699
1519765
1519828
1519877
1519930
1519985
1520051
1520107
1520157
1520207
1520254
1520305
1520362
1520423
1520487
1520540
1520590
1520647
1520697
1520746
1520797
1520848
1520903
1520968
1521012
1521071
1521133
1521193
1521357
1521409
1521465
1521518
1521578
1521639
1521699
1521759
1521823
1521900
1521967
1522031
1522097
1522165
1522224
1522289
1522349
1522423
1522502
1522568
1522634
1522702
1522768
1522833
1522900
1522966
1523029
1523087
1523152
1523217
1523284
1523352
1523488
1523543
1523602
1523654
1523713
1523763
1523831
1523896
1523961
1524019
1524077
1524140
1524200
1524250
1524353
1524412
1524511
1524661
1524721
1524785
1524849
1524910
1524972
1525038
1525156
1525236
1525301
1525370
1525431
1525535
1525602
1525673
1525744
1525822
1525889
1525941
1526008
1526061
1526121
1526179
1526254
1526424
1526497
1526565
1526629
1526676
1526760
1526823
1526887
1526951
1527017
1527084
1527159
1527228
1527319
1527380
1527453
1527527
1527591
1527654
1527713
1527791
1527851
1527918
1527981
1528041
1528204
1528298
1528357
1528413
1528489
1528564
1528630
1528688
1528750
1528815
1528949
1529078
1529200
1529330
1529455
1529573
1529672
1529744
1529816
1529881
1529955
1530022
1530083
1530137
1530182
1530237
1530400
1530463
1530532
1530600
1530670
1530739
1530803
1530860
1530927
1530988
1531050
1531121
1531182
1531286
1531342
1531400
1531464
1531515
1531578
1531636
1531703
1531761
1531822
1531882
1531946
1532008
1532069
1532127
1532179
1532245
1532402
1532445
1532505
1532554
1532655
1532716
1532768
1532831
1532894
1532944
1532988
1533046
1533110
1533178
1533240
1533310
1533378
1533437
1533495
1533552
1533610
1533752
1533815
1533877
1533938
1533998
1534055
1534115
1534179
1534240
1534308
1534366
1534419
1534476
1534529
1534586
1534636
1534693
1534746
1534804
1534866
1534999
1535056
1535117
1535185
1535269
1535321
1535388
1535444
1535496
1535550
1535616
1535671
1535731
1535794
1535860
1536151
1536214
1536286
1536340
1536403
1536462
1536505
1536558
1536619
1536675
1536736
1536792
1536861
1536919
1536980
1537040
1537106
1537164
1537228
1537281
1537336
1537405
1537472
1537547
1537605
1537670
1537724
1537794
1537838
1537899
1537953
1538011
1538063
1538117
1538170
1538224
1538321
1538376
1538431
1538493
1538562
1538641
1538704
1538774
1538837
1538917
1539044
1539112
1539170
1539235
1539292
1539347
1539399
1539456
1539558
1539615
1539667
1539713
1539776
1539837
1539899
1539953
1540013
1540067
1540143
1540206
1540346
1540402
1540465
1540530
1540591
1540649
1540715
1540780
1540830
1540883
1540942
1540994
1541054
1541108
1541175
1541229
1541292
1541838
1541982
1542031
1542095
1542153
1542219
1542275
1542333
1542386
1542444
1542504
1542561
1542624
1542679
1542743
1542797
1542874
1542953
1543003
1543056
1543111
1543171
1543234
1543305
1543360
1543422
1543479
1543535
1543585
1543635
1543727
1543792
1543878
1543963
1544016
1544078
1544158
1544221
1544278
1544322
1544380
1544434
1544494
1544546
1544600
1544661
1544714
1544774
1544840
1544898
1544962
1545015
1545074
1545142
1545202
1545256
1545317
1545380
1545487
1545547
1545611
1545667
1545810
1545869
1545923
1545988
1546043
1546102
1546159
1546223
1546291
1546347
1546402
1546463
1546519
1546578
1546630
1546684
1546735
1546790
1546855
1546919
1546970
1547012
1547070
1547120
1547179
1547241
1547310
1547379
1547442
1547503
1547569
1547642
1547712
1547784
1547851
1547921
1547987
1548047
1548212
1548274
1548322
1548404
1548469
1548532
1548641
1548706
1548820
1548881
1548949
1549017
1549081
1549139
1549200
1549253
1549325
1549383
1549448
1549508
1549570
1549681
1549756
1549872
1549931
1549998
1550058
1550116
1550181
1550246
1550306
1550362
1550422
1550481
1550548
1550606
1550665
1550723
1550783
1550841
1550899
1550953
1551012
1551069
1551122
1551182
1551234
1551363
1551412
1551467
1551530
1551588
1551641
1551696
1551743
1551796
1551852
1552015
1552072
1552136
1552188
1552245
1552303
1552375
1552439
1552498
1552557
1552682
1552737
1552791
1552847
1552898
1552949
1553007
1553065
1553125
1553182
1553246
1553296
1553340
1553388
1553436
1553493
1553559
1553620
1553678
1553738
1553795
1553859
1553930
1553984
1554040
1554097
1554138
1554190
1554249
1554316
1554373
1554433
1554604
1554668
1554722
1554772
1554876
1554924
1554984
1555155
1555213
1555287
1555344
1555396
1555445
1555494
1555549
1555607
1555665
1555722
1555778
1555840
1555903
1555962
1556022
1556082
1556136
1557144
1557197
1557243
1557454
1557525
1557595
1557661
1557720
1557765
1557814
1557869
1557916
1557967
1558023
1558222
1558279
1558338
1558390
1558450
1558517
1558589
1558646
1558707
1558768
1558826
1558888
1558951
1559003
1559060
1559116
1559183
1559244
1559316
1559369
1559429
1559485
1559539
1559593
1559644
1559698
1559768
1559837
1559909
1560032
1560090
1560156
1560212
1560279
1560333
1560402
1560458
1560534
1560597
1560671
1560732
1560804
1560863
1560933
1560990
1561057
1561111
1561186
1561248
1561315
1561369
1561441
1561500
1561574
1561635
1561709
1561770
1561842
1561901
1561977
1562040
1562110
1562167
1562238
1562296
1562378
1562447
1562527
1562594
1562669
1562731
1562805
1562866
1562939
1562999
1563072
1563132
1563204
1563263
1563336
1563396
1563480
1563551
1563632
1563700
1563780
1563847
1563924
1563988
1564067
1564133
1564209
1564272
1564349
1564413
1564473
1564540
1564597
1564655
1564712
1564769
1564826
1564882
1564948
1565021
1565078
1565142
1565213
1565278
1565350
1565407
1565482
1565556
1565625
1565697
1565761
1565823
1565890
1565955
1566019
1566074
1566224
1566276
1566322
1566374
1566429
1566524
1566594
1566663
1566744
1566818
1566924
1566976
1567028
1567070
1567118
1567179
1567346
1567416
1567697
1567758
1567807
1567866
1567934
1567985
1568046
1568099
1568149
1568206
1568252
1568306
1568361
1568420
1568470
1568526
1568583
1568633
1568731
1568795
1568855
1568916
1568984
1569038
1569093
1569160
1569222
1569288
1569345
1569406
1569463
1569525
1569591
1569662
1569726
1569790
1569848
1569922
1569987
1570048
1570124
1570238
1570308
1570385
1570458
1570538
1570606
1570676
1570745
1570815
1570892
1570965
1571029
1571085
1571149
1571212
1571387
1571453
1571518
1571577
1571639
1571695
1571758
1571814
1571878
1571947
1572005
1572063
1572178
1572228
1572285
1572354
1572411
1572470
1572532
1572592
1572648
1572704
1572763
1572824
1572882
1572968
1573036
1573100
1573346
1573415
1573480
1573566
1573632
1573708
1573785
1573849
1573906
1573968
1574024
1574094
1574165
1574227
1574285
1574352
1574409
1574471
1574536
1574602
1574675
1574735
1574796
1574984
1575134
1575223
1575983
1576039
1576108
1576171
1576238
1576298
1576354
1576415
1576530
1576579
1576639
1576771
1576819
1576875
1576933
1577015
1577091
1577171
1577248
1577305
1577362
1577419
1577484
1577550
1577599
1577662
1577719
1577767
1577821
1577876
1577927
1577977
1578034
1578087
1578139
1578192
1578251
1578301
1578356
1578418
1578482
1578541
1578610
1578669
1578735
1578793
1578849
1578905
1578968
1579030
1579086
1579149
1579215
1579273
1579329
1579392
1579448
1579507
1579572
1579627
1579683
1579746
1579813
1579878
1579934
1579993
1580051
1580107
1580164
1580223
1580276
1580348
1580400
1580461
1580855
1580951
1580990
1581052
1581111
1581190
1581267
1581344
1581388
1581439
1581500
1581550
1581612
1581667
1581729
1581791
1581837
1581886
1581944
1582006
1582065
1582115
1582162
1582223
1582329
1582388
1582434
1582486
1582545
1582605
1582657
1582714
1582780
1582899
1582954
1583035
1583086
1583141
1583192
1583247
1583321
1583397
1583468
1583538
1583597
1583770
1583831
1583885
1583935
1583991
1584055
1584109
1584163
1584222
1584268
1584322
1584373
1584420
1584473
1584523
1584577
1584638
1584695
1584758
1584821
1584881
1584941
1585008
1585059
1585110
1585169
1585225
1585289
1585352
1585405
1585464
1585524
1585832
1585878
1586429
1586479
1586536
1586591
1586651
1586706
1586760
1586813
1586880
1586948
1586996
1587051
1587092
1587154
1587225
1587288
1587358
1587424
1587483
1587554
1587621
1587689
1587751
1587812
1587889
1587946
1588011
1588077
1588230
1588286
1588346
1588400
1588445
1588499
1588552
1588610
1588670
1588721
1588780
1588831
1588881
1588936
1588992
1589052
1589112
1589174
1589232
1589288
1589338
1589396
1589456
1589522
1589572
1589634
1589699
1589755
1589797
1589896
1589998
1590042
1590086
1590130
1590174
1590218
1590262
1590309
1590356
1590403
1590460
1590514
1590563
1590620
1591137
1591204
1591271
1591325
1591383
1591433
1591494
1591555
1591618
1591681
1591734
1591799
1591867
1591928
1591994
1592082
1592147
1592210
1592276
1592329
1592388
1592451
1592519
1592585
1592650
1592711
1592779
1592839
1592907
1592982
1593050
1593116
1593176
1593239
1593298
1593352
1593425
1593490
1593544
1593619
1593692
1593766
1593847
1593910
1593983
1594046
1594115
1594171
1594225
1594286
1594355
1594405
1594465
1594528
1594591
1594647
1594703
1594759
1594823
1594877
1594934
1594994
1595048
1595108
1595230
1595289
1595352
1595412
1595474
1595536
1595612
1595683
1595764
1595820
1595903
1595976
1596032
1596095
1596385
1596443
1596499
1596556
1596627
1596684
1596743
1596797
1596861
1596918
1596972
1597021
1597073
1597124
1597180
1597262
1597306
1597361
1597415
1597469
1597519
1597569
1597624
1597685
1597753
1597818
1597882
1597942
1597992
1598050
1598109
1598157
1598215
1598270
1598314
1598370
1598429
1598482
1598599
1598637
1598687
1598744
1598794
1598845
1598907
1598967
1599028
1599084
1599146
1599206
1599262
1599316
1599387
1599456
1599514
1599578
1599639
1599699
1599782
1599849
1599916
1599979
1600049
1600101
1600157
1600206
1600248
1600303
1600360
1600424
1600493
1600554
1600618
1600685
1600749
1600822
1600894
1600966
1601035
1601085
1601142
1601210
1601266
1601322
1601400
1601457
1601526
1601594
1601659
1601727
1601790
1601844
1601904
1601970
1602040
1602098
1602151
1602246
1602367
1602422
1602472
1602533
1603367
1603425
1603484
1603538
1603607
1603660
1603716
1603784
1603842
1603905
1603965
1604019
1604076
1604124
1604177
1604230
1604285
1604337
1604390
1604442
1604494
1604569
1604636
1604688
1604737
1604781
1604829
1604880
1604932
1604987
1605037
1605091
1605151
1605203
1605252
1605305
1605359
1605409
1605459
1605513
1605573
1605631
1605700
1605764
1605814
1606001
1606058
1606112
1606165
1606219
1606262
1606327
1606387
1606455
1606522
1606587
1606650
1606709
1606780
1606847
1606913
1606983
1607043
1607096
1607160
1607202
1607247
1607314
1607378
1607442
1607513
1607584
1607647
1607711
1607772
1607831
1607894
1607972
1608034
1608098
1608166
1608230
1608300
1608355
1608405
1608464
1608530
1608599
1608660
1608715
1608779
1608842
1608908
1608984
1609053
1609110
1609168
1609226
1609279
1609323
1609376
1609433
1609482
1609532
1609591
1609644
1609712
1609771
1609835
1609895
1609958
1610013
1610136
1610192
1610254
1610320
1610383
1610447
1610510
1610575
1610648
1610727
1610786
1610851
1610927
1610990
1611050
1611109
1611164
1611221
1611273
1611329
1611398
1611462
1611518
1611571
1611630
1611950
1611993
1612037
1612088
1612164
1612225
1612279
1612342
1612412
1612469
1612535
1612599
1612650
1612707
1612761
1612819
1612883
1612942
1613017
1613092
1613163
1613232
1613284
1613339
1613407
1613461
1613528
1613583
1613646
1613705
1613769
1613825
1613897
1613969
1614037
1614113
1614170
1614228
1614282
1614335
1614405
1614473
1614542
1614606
1614659
1614721
1614790
1614843
1614911
1614961
1615022
1615086
1615152
1615200
1615250
1615301
1615367
1615437
1615486
1615538
1615590
1615641
1615686
1615742
1615796
1615871
1615947
1616032
1616101
1616183
1616244
1616310
1616367
1616434
1616501
1616569
1616633
1616700
1616761
1616827
1616894
1616958
1617119
1617184
1617238
1617285
1617346
1617414
1617475
1617525
1617700
1617754
1617813
1617875
1617935
1617981
1618035
1618084
1618136
1618194
1618243
1618295
1618359
1618422
1618507
1618581
1618643
1618768
1618831
1618892
1618951
1619061
1619132
1619190
1619245
1619297
1619351
1619443
1619500
1619555
1619609
1619672
1619725
1619783
1619839
1620091
1620142
1620200
1620261
1620329
1620388
1620448
1620505
1620563
1620623
1620674
1620768
1620822
1620864
1620905
1621354
1621408
1621468
1621526
1621581
1621650
1621713
1621783
1621839
1621901
1621952
1622007
1622072
1622131
1622183
1622552
1622669
1622739
1622798
1622858
1622904
1623012
1623078
1623136
1623200
1623259
1623322
1623382
1623443
1623621
1623673
1623739
1623805
1623865
1623921
1623973
1624034
1624089
1624151
1624213
1624267
1624328
1624397
1624450
1624495
1624563
1624626
1624699
1624759
1624822
1624876
1624941
1625014
1625082
1625139
1625200
1625272
1625329
1625407
1625476
1625563
1625643
1625713
1625774
1625840
1625904
1625967
1626028
1626096
1626154
1626216
1626277
1626338
1626393
1626453
1626520
1626590
1626658
1626719
1626784
1626852
1626897
1626946
1626996
1627047
1627120
1627181
1627247
1627307
1627368
1627428
1627495
1627542
1627594
1627655
1627710
1627774
1627833
1627892
1627939
1628005
1628068
1628132
1628196
1628271
1628347
1628406
1628462
1628529
1628587
1628663
1628711
1628761
1628806
1628859
1628910
1628986
1629047
1629104
1629165
1629293
1629366
1629430
1629492
1629564
1629618
1629679
1629739
1629806
1629865
1629922
1629986
1630044
1630103
1630160
1630215
1630277
1630355
1630412
1630468
1630531
1630588
1630666
1630731
1630797
1630851
1630912
1630956
1631004
1631058
1631111
1631161
1631292
1631362
1631416
1631475
1631536
1631590
1631654
1631709
1631775
1631840
1631898
1631969
1632112
1632173
1632229
1632287
1632346
1632420
1632489
1632550
1632625
1632688
1632752
1632808
1632869
1632922
1632987
1633044
1633096
1633149
1633205
1633254
1633312
1633373
1633439
1633495
1634065
1634109
1634178
1634231
1634291
1634352
1634412
1634473
1634533
1634607
1634686
1634752
1634818
1634886
1634946
1635010
1635070
1635129
1635192
1635854
1635912
1636007
1636067
1636128
1636190
1636250
1636312
1636363
1636420
1636643
1636696
1636755
1636828
1636888
1636962
1637039
1637104
1637172
1637240
1637302
1637366
1637431
1637504
1637569
1637629
1637703
1637780
1637845
1637913
1637980
1638041
1638109
1638188
1638268
1638329
1638397
1638455
1638536
1638593
1638655
1638716
1638776
1638841
1638903
1638976
1639044
1639109
1639155
1639213
1639264
1639314
1639386
1639445
1639498
1639558
1639625
1639688
1639759
1639810
1639878
1639933
1639987
1640047
1640104
1640168
1640219
1640268
1640327
1640375
1640422
1640472
1640541
1640607
1640673
1640721
1640777
1640835
1640895
1640950
1641012
1641075
1641144
1641207
1641262
1641312
1641366
1641415
1641474
1641526
1641581
1641644
1641709
1641771
1641834
1641896
1641946
1641998
1642143
1642206
1642251
1642299
1642351
1642406
1642475
1642553
1642616
1642715
1642767
1642823
1642886
1642939
1642996
1643053
1643122
1643195
1643253
1643318
1643373
1643427
1643497
1643558
1643613
1643670
1643742
1643806
1643877
1643944
1644005
1644060
1644111
1644163
1644210
1644263
1644313
1644363
1644421
1644480
1644542
1644604
1644666
1644728
1644777
1644834
1644893
1644951
1645007
1645060
1645116
1645167
1645233
1645289
1645348
1645416
1645480
1645524
1645571
1645622
1645676
1645735
1645791
1645843
1645904
1645962
1646018
1646074
1646124
1646170
1646220
1646275
1646327
1646384
1646436
1646675
1646746
1646801
1646860
1646916
1646979
1647035
1647092
1647144
1647205
1647429
1647486
1647551
1647622
1647683
1647751
1647798
1647847
1647905
1647968
1648024
1648082
1648149
1648211
1648270
1648325
1648378
1648436
1648494
1648552
1648609
1648665
1648729
1648800
1648853
1648913
1648978
1649027
1649083
1649144
1649206
1649258
1649319
1649379
1649432
1649486
1649532
1649578
1649641
1649690
1649737
1649792
1649841
1649883
1649981
1650042
1650094
1650150
1650210
1650270
1650316
1650364
1650421
1650473
1650529
1650587
1650645
1650698
1650755
1650812
1650878
1650935
1651006
1651099
1651171
1651236
1651296
1651352
1651402
1651459
1651531
1651683
1651729
1651836
1651889
1651945
1651991
1652045
1652104
1652161
1652214
1652313
1652364
1652421
1652478
1652528
1652586
1652640
1652687
1652777
1652819
1652965
1653016
1653077
1653145
1653205
1653265
1653323
1653384
1653438
1653499
1653564
1653622
1653676
1653737
1653805
1653854
1653917
1653970
1654029
1654081
1654141
1654194
1654248
1654302
1654351
1654412
1654464
1654517
1654674
1654731
1654797
1654867
1654931
1655007
1655090
1655157
1655228
1655292
1655354
1655440
1655519
1655595
1655678
1655754
1655835
1655898
1655961
1656049
1656113
1656193
1656259
1656318
1656386
1656445
1656499
1656563
1656629
1656695
1656750
1656812
1656872
1656935
1657000
1657053
1657115
1657176
1657225
1657377
1657431
1657497
1657547
1657616
1657675
1657732
1657789
1657854
1657905
1657992
1658046
1658101
1658158
1658219
1658283
1658354
1658416
1658476
1658540
1658612
1658667
1658719
1658771
1658826
1658879
1658934
1658990
1659053
1659114
1659168
1659221
1659278
1659339
1659397
1659456
1659514
1659571
1659629
1659700
1659761
1659852
1659910
1659963
1660017
1660097
1660168
1660237
1660297
1660357
1660430
1660485
1660549
1660616
1660674
1660739
1660815
1660891
1660942
1661018
1661084
1661136
1661187
1661242
1661298
1661363
1661416
1661466
1661526
1661586
1661636
1661699
1661765
1661813
1661874
1661931
1661982
1662040
1662129
1662180
1662242
1662307
1662387
1662443
1662504
1662574
1662642
1662707
1662775
1662847
1662926
1662989
1663074
1663140
1663213
1663279
1663347
1663413
1663471
1663535
1663607
1663663
1663725
1663808
1663869
1663931
1663991
1664055
1664117
1664179
1664237
1664295
1664357
1664422
1664483
1664540
1664618
1664695
1664755
1664807
1664865
1664925
1665001
1665073
1665134
1665185
1665245
1665293
1665349
1665408
1665465
1665517
1665623
1665680
1665749
1665825
1665901
1665967
1666024
1666088
1666149
1666207
1666261
1666319
1666389
1666446
1666505
1666563
1666628
1666693
1666748
1666805
1666864
1666930
1667003
1667926
1667995
1668061
1668121
1668185
1668246
1668311
1668372
1668434
1668496
1668562
1668643
1668719
1668778
1668835
1668889
1668944
1668992
1669047
1669105
1669162
1669207
1669264
1669324
1669387
1669442
1669501
1669555
1669620
1669675
1669739
1669797
1669853
1669915
1669978
1670043
1670106
1670179
1670245
1670309
1670368
1670428
1670484
1670546
1670610
1670664
1670715
1670770
1670835
1670887
1670939
1670991
1671041
1671102
1671152
1671209
1671277
1671334
1671401
1671475
1671540
1671595
1671654
1671712
1671769
1671836
1671895
1671951
1672014
1672139
1672197
1672262
1672319
1672377
1672440
1672510
1672570
1672626
1672681
1672739
1672802
1672872
1672932
1672977
1673030
1673079
1673139
1673198
1673260
1673321
1673377
1673438
1673497
1673559
1673617
1673681
1673737
1673804
1673864
1673931
1673990
1674050
1674113
1674170
1674223
1674281
1674332
1674386
1674451
1674523
1674587
1674652
1674705
1674762
1674816
1674867
1674922
1674979
1675039
1675094
1675161
1675220
1675280
1675336
1675394
1675455
1675508
1675562
1675618
1675714
1675761
1675810
1675858
1675907
1675955
1676004
1676052
1676101
1718550
1718592
1718662
1718736
1721343
1721640
1722628
1724351
1725340
1725399
1725502
1725617
1725729
1725843
1725957
1726075
1726185
1726316
1726427
1726537
1726650
1727042
1727090
1727136
1727186
1727550
1727616
1727660
1727706
1727757
1727802
1727850
1727903
1728383
1736294
1736335
1736387
1736483
1736530
1736594
1736650
1736711
1737148
1737192
1738496
1738547
1738617
1738674
1738727
1738780
1738819
1738906
1738964
1739051
1739098
1739139
1739185
1739252
1739297
1739344
1739393
1739447
1739506
1739557
1739613
1739661
1739714
1739773
1739824
1739824
1739939
1739994
1740051
1740096
1740140
1740194
1740244
1740670
1740773
1740830
1740887
1740945
1741001
1741057
1741172
1741220
1741284
1741334
1741385
1741436
1741485
1741534
1741583
1741773
1741819
1741868
1741920
1741990
1742062
1742299
1742299
1742402
1742451
1742490
1742530
1742584
1742676
1742719
1742768
1742815
1742871
1742920
1742967
1743023
1743191
1743272
1743321
1743367
1743418
1743463
1743506
1743547
1743600
1743660
1743720
1743780
1743843
1780635
1780680
1780734
1780782
1781445
1781550
1781598
1781703
1781789
1781843
1781900
1781957
1782014
1782071
1782128
1782185
1782242
1782299
1782356
1794662
1794780
1794834
1794896
1794961
1795026
1795091
1795156
1795209
1795265
1795321
1795377
1795433
1795486
1795536
1795713
1795908
1796477
1796524
1799187
1799247
1799295
1799350
1799466
1799509
1799563
1799621
1799676
1799727
1799780
1799826
1799872
1799918
1799964
1800010
1800056
1800102
1800156
1800207
1800258
1800309
1800364
1800417
1800467
1800514
1800569
1800624
1800678
1800729
1800781
1800835
1800884
1800941
1800989
1801043
1801102
1801158
1801213
1801259
1801310
1801353
1801465
1801579
1801696
1801809
1801919
1802031
1802154
1802259
1802371
1802471
1802623
1802704
1839209
1839296
1839342
1839392
1839452
1839504
1839553
1839599
1839645
1839695
1839755
1839812
1839866
1839920
1839962
1840025
1840074
1846703
1849984
1850032
1850086
1850143
1850200
1850257
1850314
1850371
1850416
1850464
1850512
1850560
1850608
1850656
1850704
1850752
1850800
1850851
1850893
1850940
1850990
1851040
1851090
1851140
1851190
1851240
1851290
1851340
1851390
1851440
1851490
1851540
1851590
1851640
1851690
1851745
1851803
1851861
1851909
1851959
1852006
1857180
1857229
1857282
1857386
1857441
1857489
1857543
1857594
1857646
1857699
1857752
1857805
1857858
1857902
1857949
1858914
1858996
1859044
1859274
1859378
1859422
1859485
1859553
1859617
1859675
1859776
1859845
1859910
1859969
1860028
1860072
1860121
1860168
1860218
1860312
1860363
1860411
1860469
1860521
1860566
1860617
1860673
1860719
1860818
1860875
1860937
1861298
1861352
1861444
1861490
1861560
1861621
1862252
1862343
1862601
1862657
1862728
1862790
1862849
1862911
1862973
1863035
1863097
1863159
1863221
1863283
1863332
1863388
1863439
1863488
1863546
1863591
1863693
1863740
1863801
1863908
1864021
1864173
1864222
1864385
1864434
1864483
1864532
1864581
1864630
1864679
1864733
1864790
1864847
1864923
1864975
1865037
1865096
1865150
1865260
1865370
1865484
1865590
1865716
1865823
1866292
1866350
1866412
1866462
1866531
1866592
1866648
1866701
1866760
1866814
1866868
1866923
1866977
1867031
1867089
1867152
1867206
1867250
1867310
1867360
1867419
1867464
1867555
1867656
1867764
1867818
1867878
1867921
1867976
1868154
1868209
1868255
1868308
1868363
1868420
1868469
1868523
1868569
1868671
1868711
1868854
1868901
1868999
1869053
1869124
1869177
1869231
1869329
1869382
1869438
1869494
1869540
1869844
1869907
1869954
1870013
1870056
1870109
1870180
1870233
1870293
1870358
1910036
1910091
1910138
1910186
1910260
1910408
1910470
1910569
1910614
1910654
1910702
1910759
1910814
1910869
1911740
1911793
1914570
1914607
1914649
1914704
1914755
1918570
1921662
1924976
1925032
1925078
1925654
1925699
1925959
1926114
1926167
1926221
1926274
1926323
1926471
1926552
1926597
1926644
1926695
1926751
1926804
1926856
1926914
1926972
1927030
1927179
1927239
1927280
1927321
1927371
1927424
1927474
1927524
1927574
1927624
1927677
1927730
1927780
1927833
1927883
1927936
1927989
1928037
1928083
1928127
1928171
1928282
1928331
1928376
1928495
1933532
1933580
1933639
1933816
1933862
1933929
1933971
1934023
1934074
1934129
1934182
1934596
1934655
1934694
1934737
1934803
1934847
1934886
1934929
1934976
1935024
1935118
1935160
1935205
1935253
1935357
1935412
1935462
1935523
1935573
1935622
1935680
1935771
1935824
1935878
1935924
1935980
1936034
1936087
1936143
1936199
1936255
1936306
1936362
1936412
1936465
1936518
1936571
1936623
1936677
1936730
1936780
1936833
1936893
1936950
1937002
1937057
1937112
1937167
1937222
1937268
1937321
1937394
1937455
1937562
1937625
1937679
1971664
1978645
1982039
1982101
1982152
1982204
1988886
1988935
1989173
1989220
1989270
1989320
1989375
1989433
1989491
1989549
1989607
1989665
1989714
1989764
1989821
1989878
1989928
1989981
1990034
1990087
1990141
1990197
1990256
1990315
1990367
1990414
1990464
1990514
1990564
1990614
1990664
1990714
1990764
1990814
1990863
1990909
1990955
1991002
1991049
1991096
1991143
1991200
1991248
1991291
1991338
1991386
1991436
1991492
1991542
1991593
1991647
1991698
1991752
1991808
1991866
1991930
1991988
1992047
1992109
1992168
1992230
1992296
1992342
1992435
1992495
1992552
1992654
1992705
1992761
1992808
1992865
1992956
1993004
1993056
1993105
1993156
1993204
1993406
1993481
1993617
1993723
1993770
1993814
1993872
1993911
1993987
1994096
1994139
1994188
1994298
1994341
1994428
1994483
1994547
1994596
1994692
1994743
1994791
1994833
1995075
1995118
2032587
2032643
2032685
2032743
2032916
2048052
2048721
2048776
2048831
2049192
2052739
2052826
2052884
2052950
2053001
2053045
2053111
2053169
2053227
2053276
2053335
2053386
2053450
2053505
2053558
2053602
2053647
2053693
2053739
2053783
2053831
2053876
2053922
2053968
2054031
2054073
2054115
2054516
2054589
2054658
2054707
2054746
2054794
2054842
2055064
2055154
2055263
2055317
2055374
2055436
2055581
2055642
2055688
2055727
2055784
2055836
2055881
2055940
2055992
2056044
2056096
2056148
2056210
2056267
2056317
2056368
2056420
2056472
2056920
2057164
2057241
2057310
2057379
2057441
2057501
2058956
2059017
2059080
2059137
2059260
2059425
2059480
2059799
2059859
2060006
2060393
2062910
2062967
2063302
2063742
2063874
2063945
2064128
2064315
2064643
2064975
2065025
2065069
2065118
2065173
2065213
2065260
2065308
2065353
2065422
2065475
2065530
2065586
2065634
2065686
2065740
2065852
2065899
2065939
2065995
2066048
2066102
2066142
2066184
2066234
2066294
2066349
2066402
2066545
2066600
2066653
2066754
2066808
2066865
2066927
2066991
2067045
2067097
2067151
2067200
2067254
2067302
2067354
2067409
2067464
2067524
2067587
2067650
2067705
2067754
2067806
2067857
2067901
2068014
2068064
2068110
2068157
2068205
2068250
2068289
2068335
2068386
2068436
2068498
2068547
2068604
2070551
2070891
2070939
2070993
2071047
2071143
2071177
2071215
2071376
2071434
2071723
2071762
2071864
2071908
2071948
2071992
2072036
2072080
2072128
2072176
2072229
2072271
2072317
2072365
2072403
2072445
2072485
2072529
2072572
2072615
2072659
2072698
2072754
2072798
2072842
2072892
2072934
2072980
2073021
2073066
2073116
2073162
2073214
2073261
2073303
2073345
2073391
2073434
2073549
2073916
2074107
2074161
2074213
2074256
2074924
2074965
2075035
2075447
2075494
2075538
2075593
2075708
2075763
2076049
2076099
2076146
2076196
2076246
2076296
2076354
2076407
2076456
2076509
2076563
2076617
2076722
2077075
2077144
2077200
2077250
2077303
2077356
2077557
2077604
2077688
2077730
2077775
2078412
2078481
2078842
2078898
2078941
2078985
2079044
2079101
2079165
2079213
2079252
2079293
2079348
2079396
2079448
2079502
2079565
2079626
2080746
2080790
2080837
2080884
2080944
2081563
2081622
2081703
2081767
2082008
2082298
2082411
2082462
2082504
2082561
2082605
2082649
2082693
2082752
2082811
2082870
2082936
2083002
2083068
2083693
2083759
2083821
2083883
2083949
2084009
2084063
2084115
2084165
2084210
2084252
2084307
2084358
2084407
2084450
2084517
2084580
2084642
2084712
2084784
2084831
2084879
2084936
2084985
2085038
2085084
2085145
2085198
2085252
2085319
2085378
2085439
2085520
2085576
2085628
2085689
2085997
2086062
2086116
2086167
2086225
2086278
2086331
2086383
2086427
2086478
2086523
2086567
2086611
2086654
2086713
2086765
2086820
2086875
2086930
2086985
2087040
2087095
2087150
2087205
2087255
2087308
2087361
2087414
2087476
2087519
2087565
2087611
2087657
2087703
2087745
2087788
2087834
2087880
2087926
2087972
2088020
2088061
2088107
2088154
2088213
2088289
2088337
2088387
2088437
2088487
2088537
2088587
2088637
2088687
2088737
2088787
2088837
2088887
2088937
2088987
2089037
2089087
2089137
2089187
2089237
2089287
2089337
2089387
2089437
2089487
2089537
2089587
2089637
2089687
2089737
2089787
2089837
2089887
2089937
2089987
2090037
2090087
2090137
2090187
2090237
2090287
2090337
2090387
2090437
2090487
2090537
2090587
2090637
2090687
2090737
2090787
2090837
2090887
2090937
2090987
2091037
2091087
2091137
2091187
2091237
2091287
2091337
2091387
2091437
2091487
2091537
2091587
2091637
2091687
2091737
2091787
2091837
2091887
2091937
2091987
2092037
2092087
2092137
2092187
2092237
2092287
2092337
2092387
2092437
2092487
2092537
2092587
2092637
2092687
2092737
2092787
2092837
2092887
2092937
2092987
2093037
2093087
2093137
2093187
2093237
2093287
2093337
2093387
2093437
2093487
2093537
2093587
2093637
2093687
2093737
2093787
2093837
2093887
2093937
2093987
2094037
2094087
2094137
2094187
2094237
2094287
2094337
2094387
2094437
2094487
2094537
2094587
2094637
2094687
2094737
2094796
2094855
2094913
2094971
2095027
2095083
2095143
2095302
2095360
2095409
2095458
2095524
2095589
2095649
2095708
2095757
2095806
2095854
2095914
2095976
2096040
2096093
2096151
2096203
2096258
2096308
2096354
2096497
2096541
2096582
2096630
2096675
2096725
2096778
2096831
2096884
2096937
2096990
2097043
2097087
2097137
2097190
2097243
2097296
2097349
2097402
2097455
2097508
2097561
2097614
2097653
2097695
2097759
2097810
2097863
2097913
2097969
2098016
2098067
2098115
2098164
2098213
2098285
2098342
2098395
2098451
2098507
2098563
2098619
2098665
2098714
2098763
2098812
2098861
2098910
2098959
2099008
2099057
2099106
2099155
2099204
2099253
2099304
2099358
2099412
2099466
2099520
2099574
2099628
2099682
2099736
2099790
2099844
2099898
2099952
2100000
2100048
2100099
2100150
2100201
2100252
2100303
2100354
2100405
2100456
2100507
2100558
2100609
2100660
2100711
2100760
2100812
2100864
2100916
2100960
2101007
2101054
2101101
2101148
2101195
2101242
2101289
2101336
2101386
2101439
2101492
2101545
2101598
2101651
2101704
2101757
2101810
2101863
2101910
2101960
2102010
2102060
2102110
2102160
2102210
2102260
2102310
2102361
2102415
2102469
2102523
2102577
2102623
2102672
2102721
2102770
2102813
2102869
2102921
2102972
2103017
2103062
2103107
2103156
2103228
2103273
2103314
2103373
2103419
2103462
2103508
2103554
2103600
2103646
2103692
2103738
2103784
2103830
2103886
2103946
2103988
2104058
2104101
2104144
2104187
2104230
2104300
2104336
2104376
2104431
2104478
2104524
2104572
2104626
2104674
2104723
2104776
2104829
2104872
2104921
2104959
2104998
2105084
2105164
2105343
2105396
2105479
2105526
2105571
2105618
2105660
2105717
2105766
2105857
2105901
2105955
2106038
2106251
2106408
2106468
2107183
2107239
2107286
2107340
2107382
2107425
2107488
2107536
2107591
2107723
2107764
2107810
2107852
2107896
2107937
2108005
2108064
2108112
2108199
2108246
2108287
2108334
2108406
2108460
2108514
2108567
2108621
2109879
2109932
2109973
2110017
2110064
2110139
2110206
2110257
2110359
2110408
2110453
2110508
2110905
2110955
2110997
2111037
2111079
2111119
2111178
2111225
2111348
2111455
2111569
2111618
2111678
2111875
2111922
2111969
2112094
2112200
2112259
2112320
2112381
2112451
2112521
2112564
2112614
2112668
2112778
2113136
2113282
2113576
2113667
2113717
2113760
2113808
2113976
2114021
2114077
2114123
2115156
2115208
2115260
2115324
2115375
2115459
2115517
2115554
2115642
2115731
2116041
2116092
2116154
2116262
2116309
2116359
2116409
2116464
2116569
2116632
2116696
2116759
2116806
2116869
2116933
2116976
2117026
2117081
2117134
2118009
2118091
2118147
2118200
2118256
2118314
2118373
2118422
2118477
2118521
2118584
2118637
2118681
2118738
2118958
2119027
2119091
2119154
2119218
2119283
2119348
2119411
2119467
2119532
2119595
2119659
2119723
2119786
2119854
2119936
2120000
2120066
2120130
2120204
2120438
2120481
2120524
2120567
2120668
2120715
2120759
2120815
2120866
2120916
2120969
2121023
2121068
2121120
2121165
2121219
2121263
2121307
2121364
2121418
2121524
2121622
2121683
2121739
2121790
2121843
2121901
2122012
2122061
2122110
2122159
2122208
2122257
2122306
2122355
2122404
2122540
2122589
2122642
2122694
2123669
2123721
2124700
2125675
2126686
2126749
2126856
2126974
2127024
2127074
2127124
2127174
2127261
2127316
2127360
2127409
2127455
2127504
2127560
2127613
2127658
2127758
2127805
2127868
2127919
2127968
2128018
2128068
2128122
2128171
2128259
2128305
2128354
2128404
2128456
2128501
2128550
2128621
2128684
2128750
2128816
2128882
2128937
2128995
2129053
2129107
2129175
2129248
2129306
2129367
2129428
2129489
2129551
2129616
2129681
2129746
2129801
2129859
2129917
2129975
2130033
2130091
2130149
2130206
2130266
2130326
2130389
2130455
2130521
2130587
2130653
2130719
2130783
2130850
2130917
2130984
2131147
2131198
2131249
2131300
2131348
2131390
2131440
2131484
2131530
2131577
2131617
2131660
2131717
2131767
2132039
2132088
2132136
2132183
2132451
2132667
2132753
2132799
2132846
2134519
2134562
2134625
2134670
2134719
2134775
2134831
2134887
2134943
2134999
2135055
2135111
2135167
2135257
2135363
2135422
2135491
2135536
2135590
2135645
2135699
2135757
2135816
2135956
2136094
2136185
2136279
2136385
2136447
2136489
2136541
2136796
2136838
2136901
2136961
2137015
2137069
2137123
2137182
2137365
2137412
2137458
2137806
2137864
2138124
2138172
2138305
2138395
2138482
2138533
2138584
2139315
2139360
2139408
2139459
2139510
2139567
2139627
2139680
2139727
2139772
2139819
2139861
2139987
2140042
2140100
2140158
2140216
2141292
2141347
2141449
2141496
2141546
2141596
2141646
2141696
2141746
2141854
2141920
2141965
2142012
2142065
2142119
2142211
2142266
2142315
2142377
2142431
2142482
2142530
2142578
2142620
2142661
2142703
2142754
2142800
2142881
2143287
2143330
2143375
2143415
2143472
2143608
2143649
2143783
2143839
2143891
2143950
2143991
2144036
2144087
2144130
2144187
2144316
2144471
2144594
2144649
2144707
2144765
2144823
2144881
2144939
2144997
2145055
2145113
2145160
2145212
2145267
2145322
2145377
2145432
2145487
2145542
2145597
2145650
2145706
2145762
2145818
2145870
2145924
2145981
2146038
2146095
2146152
2146195
2146359
2146403
2146488
2146534
2146578
2146630
2146784
2147237
2147281
2147430
2147541
2147772
2147818
2147993
2148061
2148133
2148205
2148322
2148368
2148417
2148466
2148515
2148564
2148613
2148662
2148711
2148760
2148809
2148858
2148907
2148956
2149005
2149054
2149103
2149152
2149201
2149250
2149342
2149406
2149470
2149515
2149564
2149614
2149668
2149718
2149772
2149836
2149879
2149934
2149994
2150061
2150110
2150246
2150293
2150347
2150492
2150583
2150659
2150712
2150761
2150856
2150913
2150967
2151024
2151082
2151133
2151188
2151246
2151312
2151374
2151430
2151633
2151713
2151755
2151965
2152043
2152423
2152478
2152584
2152633
2152681
2152731
2152775
2152817
2152876
2154133
2154174
2154216
2154300
2154485
2154535
2154589
2154630
2154981
2155065
2155113
2155162
2155204
2155249
2155302
2155400
2155445
2155490
2155534
2155587
2155638
2155685
2155734
2155783
2155836
2155876
2155920
2155970
2156013
2156113
2156159
2156233
2156286
2156338
2156445
2156495
2156541
2156792
2156832
2156903
2156975
2157046
2157109
2157172
2157235
2157298
2157361
2157417
2157474
2157530
2157586
2157637
2157691
2157745
2157799
2157854
2157909
2157956
2158008
2158060
2158113
2158165
2158217
2158269
2158324
2158379
2158432
2158485
2158538
2158591
2158644
2158694
2158746
2158798
2158851
2158903
2158955
2159007
2159099
2159760
2159816
2159874
2159933
2159992
2160031
2160197
2160244
2160288
2160333
2160388
2160431
2160492
2160534
2160591
2160878
2160923
2161091
2161159
2161258
2161304
2162144
2162195
2162596
2162647
2162691
2162747
2162799
2162848
2162892
2162947
2163002
2163054
2163110
2163321
2163371
2163421
2163468
2163519
2163571
2163621
2163674
2163727
2163772
2163839
2163889
2163939
2163989
2164039
2164106
2164156
2164206
2164256
2164306
2164356
2164454
2164510
2164597
2164657
2164714
2164942
2164992
2165045
2165098
2165151
2165204
2165257
2165310
2165363
2165416
2165472
2165651
2165698
2165762
2165826
2165891
2165949
2165994
2166041
2166085
2166144
2166197
2166255
2166296
2166389
2166445
2166500
2166597
2166664
2166765
2166845
2166896
2166950
2167004
2167058
2167112
2167166
2167220
2167274
2167328
2167382
2167514
2167601
2167658
2167721
2167768
2167816
2167909
2168004
2168047
2168092
2168145
2168189
2168255
2168298
2168351
2168915
2168961
2169007
2169054
2169101
2169148
2169195
2169247
2169302
2169357
2169412
2169467
2169522
2169564
2169614
2169664
2169707
2169755
2169816
2169877
2169932
2169987
2170042
2170097
2170154
2170206
2170258
2170301
2170357
2170398
2170455
2170511
2170568
2170625
2170670
2170729
2170771
2171337
2172117
2172161
2172208
2172255
2172302
2172349
2172396
2172443
2172491
2172536
2172587
2172638
2172689
2172734
2172782
2172830
2172878
2172926
2172971
2173038
2173110
2173173
2173243
2173330
2173446
2173506
2173567
2173639
2173711
2173774
2173837
2173899
2173961
2174020
2174120
2174175
2174247
2174311
2174392
2174453
2174511
2174604
2174665
2174720
2174786
2174848
2174900
2174953
2175005
2175063
2175120
2175183
2175242
2175303
2175375
2175451
2175527
2175576
2175633
2175689
2175737
2175813
2175872
2175972
2176032
2176095
2176163
2176229
2176304
2176396
2176458
2176531
2176604
2176676
2176737
2176783
2176839
2176888
2176952
2177021
2177077
2177134
2177200
2177255
2177313
2177371
2177429
2177481
2177537
2177599
2177682
2177729
2177775
2177825
2177875
2177925
2177975
2178025
2178075
2178125
2178175
2178225
2178275
2178325
2178375
2178425
2178483
2178538
2178602
2178662
2178713
2178764
2179461
2179501
2179546
2179589
2179642
2179685
2179814
2179869
2179920
2179961
2180006
2180046
2180090
2180127
2180168
2180208
2180252
2180308
2180364
2180413
2180454
2180496
2180543
2180590
2180625
2180664
2180712
2180751
2180894
2180934
2180976
