956475
1009061
1009123
1009638
1010016
1010083
1067317
1067380
1067414
1067440
1067611
1067656
1067701
1067744
1067784
1067823
1067864
1067905
1067949
1067990
1068032
1068077
1068124
1068173
1068226
1068273
1068324
1068369
1068419
1068464
1068513
1068566
1068611
1068656
1068702
1068747
1068792
1068837
1068881
1068926
1068977
1069025
1069069
1069107
1069144
1069196
1069232
1069277
1069313
1069364
1069401
1069454
1069498
1069543
1069589
1069640
1069699
1069759
1069812
1069866
1069929
1069978
1070025
1070075
1070126
1070182
1070229
1175457
1175518
1175544
1231330
1231435
1338603
1338667
2049096
2056976
2057562
2057754
2057931
2058136
2058332
2058624
2058742
2059312
2059538
2059926
2060069
2060174
2060266
2060455
2060727
2060900
2061070
2061248
2061428
2061602
2061778
2061948
2061992
2062172
2062354
2062538
2062709
2063018
2063375
2063421
2063611
2064189
2064373
2064553
2081000
2081165
2081406
2081834
2081930
2082057
2082143
2082234
2082298
2095203
2103156
2111969
2114199
2114353
2114535
2114697
2114845
2114973
2132236
2144234
2150157
